0 10
1 13
2 20
3 8
4 5
5 11
6 14
7 4
8 11
9 9
10 18
11 4
12 11
13 9
14 3
15 9
16 7
17 12
18 13
19 2
20 5
21 7
22 9
23 4
24 7
25 9
26 13
27 6
28 3
29 9
30 18
31 9
32 6
33 8
34 8
35 7
36 5
37 11
38 7
39 7
40 10
41 5
42 2
43 10
44 7
45 4
46 12
47 9
48 13
49 6
50 5
51 5
52 5
53 11
54 9
55 7
56 7
57 11
58 5
59 13
60 10
61 5
62 10
63 12
64 12
65 2
66 14
67 6
68 3
69 5
70 5
71 5
72 10
73 11
74 8
75 6
76 5
77 20
78 5
79 3
80 4
81 11
82 3
83 7
84 8
85 18
86 5
87 7
88 13
89 18
90 10
91 11
92 13
93 19
94 2
95 6
96 6
97 13
98 8
99 9
100 4
101 19
102 8
103 12
104 6
105 23
106 4
107 4
108 13
109 19
110 6
111 12
112 9
113 11
114 2
115 8
116 7
117 22
118 8
119 8
120 6
121 15
122 9
123 7
124 7
125 16
126 6
127 6
128 12
129 14
130 11
131 6
132 9
133 16
134 5
135 12
136 4
137 15
138 6
139 6
140 6
141 15
142 1
143 5
144 4
145 12
146 7
147 6
148 3
149 17
150 15
151 11
152 5
153 13
154 8
155 9
156 8
157 15
158 8
159 7
160 11
161 21
162 15
163 6
164 4
165 16
166 10
167 7
168 4
169 15
170 10
171 8
172 7
173 21
174 8
175 9
176 3
177 9
178 11
179 7
180 7
181 22
182 17
183 8
184 4
185 21
186 15
187 13
188 5
189 19
190 13
191 11
192 10
193 26
194 5
195 7
196 2
197 12
198 18
199 9
200 4
201 8
202 9
203 13
204 4
205 15
206 12
207 10
208 8
209 17
210 6
211 6
212 3
213 14
214 14
215 13
216 7
217 12
218 17
219 7
220 4
221 10
222 14
223 9
224 8
225 14
226 9
227 7
228 6
229 16
230 12
231 6
232 4
233 15
234 8
235 12
236 3
237 14
238 11
239 9
240 4
241 14
242 10
243 7
244 8
245 21
246 14
247 10
248 8
249 18
250 9
251 12
252 7
253 13
254 16
255 7
256 12
257 12
258 17
259 6
260 3
261 18
262 15
263 9
264 4
265 9
266 9
267 9
268 9
269 18
270 11
271 11
272 5
273 10
274 12
275 6
276 9
277 16
278 15
279 3
280 7
281 14
282 13
283 9
284 5
285 14
286 10
287 9
288 6
289 17
290 9
291 8
292 6
293 13
294 14
295 5
296 9
297 7
298 8
299 10
300 7
301 22
302 9
303 7
304 7
305 10
306 6
307 5
308 3
309 20
310 6
311 12
312 5
313 13
314 5
315 5
316 9
317 16
318 13
319 6
320 10
321 17
322 14
323 8
324 9
325 17
326 15
327 13
328 13
329 11
330 15
331 3
332 11
333 20
334 11
335 2
336 4
337 8
338 13
339 9
340 8
341 17
342 14
343 7
344 6
345 15
346 11
347 10
348 9
349 18
350 3
351 9
352 8
353 25
354 13
355 9
356 4
357 15
358 12
359 8
360 8
361 14
362 10
363 7
364 4
365 20
366 17
367 6
368 6
369 15
370 7
371 10
372 10
373 10
374 6
375 5
376 9
377 11
378 12
379 12
380 8
381 21
382 14
383 10
384 16
385 20
386 12
387 9
388 2
389 16
390 10
391 6
392 10
393 17
394 14
395 3
396 4
397 17
398 12
399 6
400 9
401 9
402 10
403 5
404 8
405 12
406 14
407 9
408 10
409 10
410 8
411 9
412 7
413 10
414 7
415 10
416 19
417 15
418 14
419 8
420 2
421 24
422 13
423 10
424 11
425 16
426 15
427 10
428 7
429 23
430 6
431 5
432 8
433 10
434 11
435 7
436 8
437 16
438 13
439 9
440 10
441 10
442 12
443 8
444 3
445 11
446 14
447 8
448 12
449 21
450 11
451 12
452 5
453 17
454 15
455 8
456 6
457 14
458 13
459 6
460 4
461 21
462 7
463 15
464 7
465 14
466 5
467 8
468 5
469 15
470 11
471 8
472 9
473 14
474 8
475 4
476 5
477 11
478 20
479 14
480 10
481 17
482 6
483 7
484 5
485 16
486 11
487 13
488 10
489 13
490 14
491 8
492 6
493 18
494 12
495 7
496 5
497 11
498 13
499 4
500 5
501 13
502 14
503 6
504 9
505 9
506 12
507 15
508 7
509 9
510 16
511 11
512 14
513 18
514 10
515 5
516 9
517 8
518 14
519 9
520 11
521 10
522 18
523 8
524 9
525 11
526 8
527 5
528 6
529 8
530 18
531 13
532 6
533 19
534 11
535 3
536 8
537 12
538 8
539 10
540 10
541 21
542 15
543 7
544 9
545 19
546 16
547 9
548 12
549 13
550 11
551 5
552 7
553 9
554 8
555 6
556 8
557 23
558 16
559 10
560 5
561 17
562 18
563 5
564 4
565 14
566 8
567 7
568 4
569 13
570 12
571 11
572 12
573 13
574 13
575 17
576 7
577 18
578 10
579 7
580 10
581 20
582 14
583 7
584 7
585 15
586 20
587 5
588 8
589 18
590 13
591 3
592 9
593 14
594 12
595 8
596 9
597 16
598 16
599 6
600 6
601 14
602 17
603 11
604 9
605 14
606 9
607 4
608 14
609 10
610 7
611 9
612 7
613 17
614 8
615 10
616 8
617 10
618 19
619 7
620 7
621 21
622 8
623 10
624 6
625 17
626 10
627 7
628 7
629 16
630 18
631 2
632 7
633 18
634 9
635 4
636 12
637 18
638 11
639 9
640 8
641 13
642 11
643 6
644 9
645 13
646 16
647 4
648 8
649 14
650 17
651 3
652 11
653 18
654 15
655 11
656 7
657 7
658 7
659 7
660 10
661 19
662 7
663 9
664 6
665 16
666 8
667 9
668 7
669 17
670 8
671 7
672 12
673 17
674 14
675 11
676 3
677 20
678 7
679 5
680 7
681 16
682 16
683 7
684 6
685 25
686 14
687 8
688 8
689 13
690 8
691 7
692 9
693 13
694 9
695 7
696 10
697 19
698 13
699 7
700 6
701 11
702 7
703 12
704 13
705 16
706 7
707 10
708 6
709 11
710 15
711 10
712 9
713 12
714 10
715 6
716 7
717 26
718 9
719 5
720 10
721 11
722 14
723 8
724 10
725 10
726 10
727 5
728 11
729 16
730 9
731 7
732 11
733 17
734 9
735 12
736 18
737 21
738 9
739 11
740 5
741 19
742 11
743 5
744 10
745 16
746 18
747 7
748 11
749 25
750 6
751 14
752 10
753 11
754 11
755 6
756 11
757 13
758 9
759 4
760 5
761 8
762 13
763 7
764 9
765 23
766 13
767 10
768 14
769 14
770 11
771 6
772 11
773 13
774 16
775 7
776 9
777 17
778 13
779 6
780 13
781 19
782 18
783 6
784 8
785 15
786 11
787 11
788 7
789 14
790 10
791 6
792 6
793 9
794 11
795 8
796 10
797 12
798 6
799 9
800 12
801 21
802 12
803 10
804 11
805 12
806 11
807 8
808 10
809 12
810 16
811 14
812 7
813 13
814 9
815 10
816 16
817 15
818 12
819 7
820 6
821 20
822 10
823 5
824 7
825 10
826 10
827 12
828 13
829 11
830 13
831 9
832 11
833 18
834 15
835 11
836 6
837 17
838 17
839 5
840 13
841 10
842 15
843 9
844 10
845 13
846 8
847 7
848 10
849 13
850 15
851 9
852 8
853 15
854 11
855 6
856 9
857 9
858 5
859 12
860 12
861 11
862 11
863 10
864 17
865 7
866 10
867 8
868 8
869 24
870 16
871 10
872 4
873 12
874 8
875 9
876 6
877 14
878 3
879 5
880 5
881 16
882 10
883 3
884 5
885 26
886 12
887 8
888 11
889 8
890 11
891 10
892 6
893 14
894 9
895 8
896 9
897 14
898 12
899 4
900 6
901 18
902 15
903 16
904 6
905 11
906 8
907 5
908 9
909 16
910 9
911 8
912 6
913 13
914 10
915 5
916 8
917 15
918 10
919 5
920 9
921 10
922 4
923 10
924 13
925 15
926 11
927 13
928 14
929 16
930 6
931 13
932 10
933 15
934 11
935 11
936 12
937 7
938 13
939 7
940 4
941 24
942 9
943 8
944 7
945 16
946 16
947 11
948 8
949 17
950 11
951 8
952 7
953 12
954 8
955 12
956 14
957 17
958 8
959 15
960 11
961 16
962 19
963 4
964 3
965 24
966 6
967 11
968 9
969 7
970 13
971 13
972 9
973 12
974 9
975 7
976 6
977 6
978 8
979 5
980 6
981 15
982 10
983 9
984 10
985 14
986 11
987 12
988 9
989 16
990 9
991 6
992 15
993 19
994 11
995 7
996 6
997 7
998 5
999 9
1000 14
1001 12
1002 9
1003 13
1004 6
1005 14
1006 8
1007 11
1008 9
1009 13
1010 13
1011 12
1012 4
1013 8
1014 12
1015 12
1016 11
1017 8
1018 12
1019 4
1020 7
1021 14
1022 19
1023 10
1024 6
1025 9
1026 11
1027 6
1028 10
1029 13
1030 12
1031 9
1032 7
1033 6
1034 11
1035 5
1036 11
1037 18
1038 13
1039 6
1040 10
1041 14
1042 13
1043 10
1044 8
1045 14
1046 14
1047 2
1048 9
1049 6
1050 4
1051 10
1052 5
1053 21
1054 14
1055 10
1056 20
1057 18
1058 14
1059 9
1060 7
1061 14
1062 8
1063 10
1064 5
1065 12
1066 20
1067 10
1068 12
1069 18
1070 10
1071 10
1072 7
1073 11
1074 5
1075 8
1076 7
1077 13
1078 19
1079 7
1080 8
1081 11
1082 13
1083 9
1084 12
1085 9
1086 8
1087 10
1088 8
1089 8
1090 11
1091 4
1092 7
1093 15
1094 16
1095 8
1096 5
1097 14
1098 12
1099 8
1100 15
1101 17
1102 15
1103 12
1104 4
1105 17
1106 10
1107 7
1108 4
1109 9
1110 11
1111 8
1112 6
1113 11
1114 5
1115 12
1116 10
1117 14
1118 17
1119 8
1120 8
1121 13
1122 11
1123 11
1124 8
1125 23
1126 14
1127 13
1128 11
1129 9
1130 9
1131 6
1132 6
1133 15
1134 10
1135 6
1136 7
1137 19
1138 13
1139 3
1140 8
1141 21
1142 9
1143 12
1144 6
1145 12
1146 18
1147 7
1148 11
1149 11
1150 9
1151 9
1152 5
1153 19
1154 16
1155 10
1156 13
1157 19
1158 22
1159 8
1160 3
1161 11
1162 5
1163 9
1164 11
1165 11
1166 13
1167 8
1168 7
1169 16
1170 10
1171 6
1172 13
1173 9
1174 11
1175 5
1176 13
1177 5
1178 9
1179 9
1180 10
1181 13
1182 8
1183 18
1184 11
1185 20
1186 12
1187 6
1188 11
1189 23
1190 7
1191 11
1192 6
1193 14
1194 15
1195 6
1196 2
1197 18
1198 11
1199 11
1200 6
1201 12
1202 16
1203 5
1204 4
1205 17
1206 12
1207 7
1208 7
1209 9
1210 13
1211 7
1212 9
1213 15
1214 7
1215 14
1216 7
1217 16
1218 17
1219 6
1220 7
1221 12
1222 10
1223 8
1224 6
1225 10
1226 17
1227 4
1228 7
1229 18
1230 11
1231 7
1232 6
1233 18
1234 8
1235 6
1236 8
1237 18
1238 11
1239 6
1240 13
1241 10
1242 8
1243 7
1244 12
1245 12
1246 5
1247 9
1248 17
1249 11
1250 13
1251 7
1252 3
1253 14
1254 5
1255 7
1256 10
1257 6
1258 6
1259 6
1260 4
1261 17
1262 8
1263 11
1264 8
1265 12
1266 11
1267 4
1268 12
1269 24
1270 13
1271 11
1272 8
1273 12
1274 8
1275 6
1276 8
1277 18
1278 14
1279 9
1280 15
1281 14
1282 13
1283 9
1284 14
1285 10
1286 19
1287 9
1288 14
1289 10
1290 17
1291 6
1292 15
1293 21
1294 14
1295 5
1296 6
1297 12
1298 15
1299 11
1300 9
1301 22
1302 13
1303 7
1304 4
1305 8
1306 7
1307 6
1308 18
1309 10
1310 12
1311 15
1312 11
1313 12
1314 14
1315 7
1316 3
1317 15
1318 10
1319 12
1320 8
1321 15
1322 8
1323 14
1324 8
1325 13
1326 13
1327 6
1328 6
1329 10
1330 6
1331 8
1332 6
1333 22
1334 7
1335 9
1336 2
1337 10
1338 10
1339 10
1340 9
1341 12
1342 14
1343 12
1344 10
1345 13
1346 9
1347 3
1348 9
1349 14
1350 7
1351 12
1352 8
1353 11
1354 15
1355 4
1356 8
1357 19
1358 8
1359 6
1360 6
1361 15
1362 8
1363 9
1364 5
1365 16
1366 16
1367 9
1368 12
1369 10
1370 12
1371 11
1372 12
1373 14
1374 10
1375 14
1376 11
1377 13
1378 13
1379 9
1380 6
1381 13
1382 7
1383 13
1384 11
1385 7
1386 15
1387 2
1388 6
1389 21
1390 10
1391 6
1392 4
1393 16
1394 11
1395 6
1396 8
1397 11
1398 13
1399 12
1400 11
1401 13
1402 11
1403 8
1404 12
1405 15
1406 18
1407 9
1408 5
1409 12
1410 16
1411 13
1412 9
1413 11
1414 8
1415 6
1416 5
1417 9
1418 17
1419 7
1420 12
1421 14
1422 7
1423 4
1424 10
1425 9
1426 7
1427 6
1428 3
1429 11
1430 7
1431 6
1432 10
1433 10
1434 15
1435 12
1436 6
1437 9
1438 14
1439 11
1440 15
1441 16
1442 6
1443 7
1444 6
1445 6
1446 13
1447 3
1448 11
1449 9
1450 10
1451 7
1452 6
1453 11
1454 10
1455 5
1456 8
1457 7
1458 18
1459 10
1460 7
1461 14
1462 9
1463 9
1464 9
1465 12
1466 5
1467 5
1468 8
1469 17
1470 9
1471 9
1472 10
1473 21
1474 12
1475 3
1476 6
1477 10
1478 13
1479 5
1480 10
1481 3
1482 21
1483 9
1484 11
1485 17
1486 14
1487 5
1488 8
1489 12
1490 7
1491 3
1492 6
1493 17
1494 14
1495 9
1496 7
1497 7
1498 5
1499 11
1500 16
1501 13
1502 9
1503 12
1504 11
1505 8
1506 14
1507 11
1508 6
1509 16
1510 14
1511 8
1512 12
1513 13
1514 7
1515 9
1516 10
1517 14
1518 4
1519 9
1520 10
1521 11
1522 9
1523 8
1524 9
1525 13
1526 10
1527 9
1528 6
1529 7
1530 12
1531 10
1532 6
1533 20
1534 12
1535 9
1536 8
1537 18
1538 16
1539 11
1540 14
1541 12
1542 13
1543 11
1544 9
1545 12
1546 11
1547 13
1548 11
1549 22
1550 16
1551 10
1552 6
1553 7
1554 14
1555 6
1556 6
1557 13
1558 10
1559 5
1560 12
1561 14
1562 9
1563 8
1564 10
1565 19
1566 16
1567 7
1568 12
1569 19
1570 7
1571 14
1572 10
1573 19
1574 11
1575 9
1576 9
1577 10
1578 11
1579 10
1580 9
1581 16
1582 12
1583 2
1584 10
1585 12
1586 10
1587 11
1588 9
1589 16
1590 13
1591 4
1592 5
1593 4
1594 6
1595 5
1596 10
1597 16
1598 11
1599 14
1600 3
1601 15
1602 14
1603 9
1604 11
1605 16
1606 11
1607 12
1608 14
1609 8
1610 9
1611 8
1612 9
1613 4
1614 14
1615 8
1616 8
1617 8
1618 5
1619 9
1620 6
1621 11
1622 10
1623 8
1624 8
1625 5
1626 9
1627 7
1628 8
1629 6
1630 15
1631 12
1632 14
1633 9
1634 10
1635 12
1636 7
1637 10
1638 16
1639 5
1640 9
1641 8
1642 8
1643 8
1644 9
1645 5
1646 8
1647 10
1648 9
1649 11
1650 5
1651 7
1652 8
1653 13
1654 9
1655 8
1656 6
1657 6
1658 13
1659 4
1660 9
1661 8
1662 19
1663 9
1664 10
1665 6
1666 7
1667 5
1668 4
1669 10
1670 21
1671 8
1672 7
1673 5
1674 17
1675 4
1676 5
1677 2
1678 8
1679 6
1680 7
1681 5
1682 6
1683 10
1684 8
1685 5
1686 14
1687 8
1688 5
1689 5
1690 8
1691 11
1692 11
1693 9
1694 9
1695 4
1696 9
1697 8
1698 11
1699 9
1700 4
1701 11
1702 7
1703 8
1704 11
1705 6
1706 9
1707 6
1708 11
1709 10
1710 9
1711 9
1712 16
1713 6
1714 8
1715 6
1716 8
1717 3
1718 14
1719 8
1720 3
1721 4
1722 5
1723 8
1724 8
1725 4
1726 19
1727 8
1728 16
1729 9
1730 14
1731 6
1732 12
1733 8
1734 11
1735 11
1736 13
1737 6
1738 14
1739 7
1740 15
1741 14
1742 13
1743 10
1744 9
1745 5
1746 13
1747 8
1748 14
1749 7
1750 7
1751 9
1752 12
1753 4
1754 8
1755 11
1756 9
1757 14
1758 10
1759 14
1760 10
1761 15
1762 11
1763 8
1764 8
1765 9
1766 8
1767 6
1768 13
1769 7
1770 13
1771 7
1772 4
1773 10
1774 5
1775 6
1776 1
1777 9
1778 13
1779 4
1780 5
1781 10
1782 9
1783 6
1784 11
1785 7
1786 7
1787 9
1788 5
1789 9
1790 13
1791 18
1792 13
1793 11
1794 9
1795 8
1796 6
1797 9
1798 9
1799 11
1800 11
1801 6
1802 17
1803 4
1804 8
1805 10
1806 8
1807 3
1808 10
1809 14
1810 9
1811 2
1812 6
1813 9
1814 10
1815 4
1816 12
1817 4
1818 6
1819 10
1820 8
1821 8
1822 9
1823 12
1824 15
1825 5
1826 8
1827 9
1828 10
1829 7
1830 5
1831 8
1832 9
1833 5
1834 11
1835 10
1836 15
1837 8
1838 2
1839 9
1840 6
1841 8
1842 14
1843 10
1844 7
1845 13
1846 8
1847 5
1848 3
1849 7
1850 9
1851 9
1852 8
1853 6
1854 11
1855 13
1856 8
1857 12
1858 8
1859 7
1860 12
1861 10
1862 10
1863 10
1864 15
1865 5
1866 11
1867 9
1868 9
1869 10
1870 13
1871 10
1872 11
1873 16
1874 10
1875 10
1876 7
1877 9
1878 13
1879 9
1880 9
1881 8
1882 7
1883 9
1884 7
1885 9
1886 12
1887 11
1888 11
1889 17
1890 11
1891 17
1892 8
1893 9
1894 9
1895 13
1896 10
1897 8
1898 12
1899 9
1900 5
1901 12
1902 7
1903 12
1904 11
1905 12
1906 9
1907 6
1908 5
1909 5
1910 6
1911 8
1912 8
1913 7
1914 13
1915 9
1916 9
1917 17
1918 7
1919 8
1920 11
1921 10
1922 14
1923 8
1924 14
1925 13
1926 10
1927 9
1928 10
1929 7
1930 25
1931 5
1932 9
1933 7
1934 7
1935 8
1936 7
1937 5
1938 10
1939 7
1940 8
1941 8
1942 8
1943 9
1944 8
1945 9
1946 10
1947 11
1948 10
1949 18
1950 3
1951 10
1952 11
1953 6
1954 6
1955 10
1956 8
1957 15
1958 4
1959 12
1960 5
1961 6
1962 17
1963 13
1964 8
1965 14
1966 6
1967 3
1968 7
1969 9
1970 7
1971 6
1972 7
1973 5
1974 8
1975 10
1976 11
1977 11
1978 7
1979 16
1980 14
1981 9
1982 6
1983 11
1984 10
1985 9
1986 12
1987 5
1988 9
1989 10
1990 16
1991 6
1992 10
1993 6
1994 9
1995 4
1996 7
1997 6
1998 11
1999 4
2000 15
2001 15
2002 6
2003 6
2004 5
2005 13
2006 15
2007 5
2008 7
2009 6
2010 6
2011 7
2012 9
2013 15
2014 10
2015 6
2016 15
2017 14
2018 5
2019 9
2020 4
2021 15
2022 15
2023 3
2024 16
2025 10
2026 12
2027 13
2028 6
2029 7
2030 7
2031 5
2032 12
2033 11
2034 7
2035 6
2036 9
2037 21
2038 8
2039 8
2040 3
2041 23
2042 11
2043 9
2044 7
2045 29
2046 9
2047 7
2048 10
2049 19
2050 5
2051 7
2052 12
2053 20
2054 12
2055 8
2056 6
2057 28
2058 11
2059 8
2060 10
2061 18
2062 10
2063 5
2064 12
2065 27
2066 11
2067 6
2068 4
2069 18
2070 8
2071 11
2072 10
2073 23
2074 7
2075 10
2076 16
2077 15
2078 8
2079 8
2080 14
2081 18
2082 9
2083 11
2084 6
2085 18
2086 8
2087 5
2088 11
2089 22
2090 8
2091 4
2092 4
2093 13
2094 13
2095 4
2096 8
2097 15
2098 13
2099 6
2100 8
2101 18
2102 15
2103 8
2104 8
2105 18
2106 12
2107 9
2108 15
2109 12
2110 16
2111 14
2112 11
2113 19
2114 12
2115 7
2116 11
2117 28
2118 12
2119 7
2120 7
2121 14
2122 22
2123 4
2124 9
2125 24
2126 15
2127 5
2128 5
2129 19
2130 11
2131 9
2132 12
2133 16
2134 14
2135 2
2136 16
2137 25
2138 12
2139 8
2140 12
2141 15
2142 9
2143 8
2144 9
2145 22
2146 9
2147 12
2148 5
2149 19
2150 12
2151 11
2152 9
2153 25
2154 11
2155 5
2156 12
2157 18
2158 12
2159 2
2160 8
2161 13
2162 9
2163 9
2164 3
2165 19
2166 8
2167 8
2168 5
2169 24
2170 14
2171 10
2172 9
2173 26
2174 12
2175 6
2176 9
2177 23
2178 19
2179 7
2180 8
2181 19
2182 10
2183 6
2184 8
2185 20
2186 11
2187 9
2188 13
2189 29
2190 15
2191 4
2192 5
2193 13
2194 12
2195 3
2196 9
2197 27
2198 13
2199 8
2200 6
2201 22
2202 9
2203 9
2204 10
2205 21
2206 9
2207 6
2208 7
2209 16
2210 11
2211 8
2212 7
2213 21
2214 11
2215 13
2216 6
2217 24
2218 8
2219 14
2220 12
2221 24
2222 25
2223 9
2224 3
2225 27
2226 8
2227 7
2228 7
2229 11
2230 13
2231 10
2232 6
2233 25
2234 9
2235 14
2236 9
2237 27
2238 12
2239 8
2240 4
2241 22
2242 17
2243 6
2244 12
2245 17
2246 12
2247 9
2248 8
2249 19
2250 10
2251 5
2252 10
2253 22
2254 7
2255 4
2256 6
2257 14
2258 9
2259 12
2260 5
2261 23
2262 7
2263 9
2264 7
2265 18
2266 14
2267 5
2268 16
2269 9
2270 8
2271 5
2272 14
2273 20
2274 12
2275 7
2276 5
2277 22
2278 7
2279 7
2280 9
2281 22
2282 11
2283 7
2284 6
2285 30
2286 8
2287 4
2288 13
2289 19
2290 7
2291 3
2292 14
2293 11
2294 9
2295 6
2296 13
2297 28
2298 13
2299 8
2300 10
2301 19
2302 8
2303 10
2304 9
2305 17
2306 16
2307 10
2308 11
2309 22
2310 11
2311 12
2312 9
2313 20
2314 10
2315 3
2316 6
2317 19
2318 10
2319 4
2320 5
2321 17
2322 5
2323 5
2324 3
2325 14
2326 10
2327 7
2328 8
2329 21
2330 11
2331 6
2332 11
2333 14
2334 9
2335 14
2336 7
2337 14
2338 8
2339 11
2340 2
2341 12
2342 14
2343 7
2344 6
2345 18
2346 8
2347 3
2348 7
2349 16
2350 11
2351 9
2352 12
2353 26
2354 6
2355 5
2356 7
2357 15
2358 9
2359 8
2360 7
2361 22
2362 12
2363 9
2364 8
2365 23
2366 9
2367 16
2368 6
2369 17
2370 7
2371 5
2372 9
2373 15
2374 13
2375 8
2376 10
2377 16
2378 14
2379 7
2380 15
2381 21
2382 11
2383 7
2384 9
2385 12
2386 10
2387 12
2388 4
2389 13
2390 9
2391 7
2392 9
2393 19
2394 12
2395 5
2396 8
2397 16
2398 12
2399 10
2400 13
2401 26
2402 14
2403 6
2404 7
2405 17
2406 8
2407 5
2408 4
2409 22
2410 11
2411 8
2412 10
2413 12
2414 10
2415 6
2416 10
2417 21
2418 13
2419 4
2420 2
2421 19
2422 14
2423 2
2424 6
2425 15
2426 14
2427 4
2428 8
2429 11
2430 10
2431 11
2432 10
2433 23
2434 18
2435 4
2436 14
2437 17
2438 17
2439 6
2440 7
2441 22
2442 9
2443 10
2444 9
2445 16
2446 10
2447 5
2448 4
2449 19
2450 11
2451 7
2452 2
2453 20
2454 12
2455 4
2456 4
2457 11
2458 11
2459 6
2460 15
2461 26
2462 5
2463 11
2464 12
2465 14
2466 9
2467 6
2468 2
2469 27
2470 11
2471 4
2472 8
2473 20
2474 10
2475 7
2476 6
2477 15
2478 8
2479 3
2480 15
2481 12
2482 10
2483 5
2484 8
2485 21
2486 11
2487 2
2488 7
2489 28
2490 7
2491 5
2492 8
2493 26
2494 11
2495 9
2496 11
2497 17
2498 13
2499 5
2500 3
2501 22
2502 11
2503 4
2504 9
2505 18
2506 13
2507 8
2508 10
2509 13
2510 4
2511 7
2512 15
2513 19
2514 16
2515 10
2516 8
2517 15
2518 7
2519 7
2520 12
2521 19
2522 5
2523 5
2524 15
2525 17
2526 7
2527 6
2528 11
2529 20
2530 9
2531 4
2532 9
2533 12
2534 9
2535 8
2536 11
2537 29
2538 9
2539 7
2540 9
2541 19
2542 4
2543 7
2544 8
2545 20
2546 6
2547 2
2548 8
2549 14
2550 7
2551 10
2552 9
2553 25
2554 15
2555 11
2556 17
2557 17
2558 10
2559 5
2560 8
2561 14
2562 12
2563 5
2564 5
2565 18
2566 7
2567 5
2568 5
2569 23
2570 16
2571 9
2572 10
2573 20
2574 15
2575 7
2576 7
2577 20
2578 12
2579 4
2580 10
2581 18
2582 13
2583 4
2584 11
2585 13
2586 8
2587 5
2588 12
2589 16
2590 10
2591 8
2592 10
2593 13
2594 7
2595 9
2596 10
2597 20
2598 8
2599 3
2600 8
2601 15
2602 10
2603 7
2604 9
2605 14
2606 15
2607 2
2608 11
2609 20
2610 12
2611 4
2612 7
2613 17
2614 7
2615 7
2616 9
2617 26
2618 6
2619 12
2620 14
2621 14
2622 11
2623 6
2624 7
2625 25
2626 13
2627 3
2628 10
2629 19
2630 14
2631 2
2632 5
2633 9
2634 9
2635 10
2636 7
2637 12
2638 12
2639 8
2640 11
2641 19
2642 9
2643 6
2644 12
2645 15
2646 12
2647 3
2648 8
2649 20
2650 6
2651 5
2652 10
2653 20
2654 12
2655 6
2656 9
2657 15
2658 7
2659 11
2660 6
2661 25
2662 11
2663 9
2664 10
2665 22
2666 17
2667 6
2668 10
2669 16
2670 10
2671 2
2672 5
2673 22
2674 14
2675 10
2676 6
2677 17
2678 11
2679 4
2680 5
2681 28
2682 16
2683 7
2684 12
2685 25
2686 8
2687 5
2688 5
2689 23
2690 12
2691 6
2692 9
2693 17
2694 6
2695 9
2696 11
2697 20
2698 11
2699 1
2700 4
2701 18
2702 14
2703 2
2704 10
2705 15
2706 16
2707 6
2708 9
2709 16
2710 9
2711 6
2712 6
2713 18
2714 6
2715 8
2716 12
2717 19
2718 16
2719 4
2720 6
2721 19
2722 11
2723 10
2724 5
2725 19
2726 14
2727 4
2728 6
2729 13
2730 10
2731 9
2732 7
2733 20
2734 8
2735 1
2736 4
2737 18
2738 6
2739 10
2740 11
2741 16
2742 4
2743 4
2744 3
2745 21
2746 14
2747 8
2748 12
2749 19
2750 12
2751 9
2752 10
2753 17
2754 10
2755 2
2756 13
2757 13
2758 5
2759 5
2760 11
2761 15
2762 12
2763 7
2764 9
2765 17
2766 5
2767 4
2768 12
2769 19
2770 7
2771 7
2772 7
2773 10
2774 11
2775 6
2776 14
2777 18
2778 10
2779 4
2780 10
2781 19
2782 8
2783 3
2784 11
2785 13
2786 6
2787 3
2788 6
2789 19
2790 13
2791 6
2792 8
2793 22
2794 17
2795 6
2796 6
2797 15
2798 7
2799 7
2800 11
2801 19
2802 8
2803 8
2804 9
2805 14
2806 10
2807 4
2808 6
2809 13
2810 7
2811 6
2812 11
2813 10
2814 12
2815 7
2816 13
2817 15
2818 8
2819 7
2820 8
2821 10
2822 14
2823 7
2824 7
2825 13
2826 6
2827 9
2828 11
2829 16
2830 9
2831 5
2832 5
2833 6
2834 11
2835 3
2836 4
2837 10
2838 11
2839 6
2840 8
2841 9
2842 8
2843 5
2844 13
2845 11
2846 12
2847 3
2848 11
2849 9
2850 6
2851 4
2852 9
2853 11
2854 15
2855 8
2856 7
2857 9
2858 9
2859 11
2860 5
2861 10
2862 8
2863 4
2864 5
2865 9
2866 8
2867 5
2868 6
2869 11
2870 7
2871 6
2872 7
2873 13
2874 8
2875 6
2876 7
2877 10
2878 14
2879 6
2880 12
2881 11
2882 8
2883 4
2884 11
2885 12
2886 8
2887 4
2888 13
2889 8
2890 13
2891 6
2892 9
2893 8
2894 12
2895 2
2896 5
2897 5
2898 13
2899 6
2900 12
2901 7
2902 8
2903 9
2904 9
2905 14
2906 7
2907 8
2908 12
2909 13
2910 11
2911 2
2912 16
2913 10
2914 12
2915 3
2916 5
2917 13
2918 9
2919 1
2920 7
2921 13
2922 4
2923 4
2924 7
2925 16
2926 8
2927 4
2928 6
2929 10
2930 9
2931 3
2932 9
2933 14
2934 14
2935 8
2936 11
2937 13
2938 12
2939 2
2940 10
2941 16
2942 8
2943 5
2944 8
2945 14
2946 10
2947 7
2948 9
2949 11
2950 13
2951 6
2952 13
2953 12
2954 14
2955 1
2956 12
2957 13
2958 8
2959 5
2960 14
2961 9
2962 11
2963 3
2964 6
2965 9
2966 12
2967 5
2968 4
2969 10
2970 3
2971 7
2972 9
2973 10
2974 12
2975 9
2976 6
2977 11
2978 10
2979 8
2980 2
2981 8
2982 14
2983 12
2984 10
2985 10
2986 13
2987 11
2988 11
2989 9
2990 13
2991 8
2992 8
2993 10
2994 9
2995 5
2996 11
2997 12
2998 7
2999 4
3000 6
3001 9
3002 14
3003 9
3004 13
3005 20
3006 11
3007 9
3008 7
3009 8
3010 13
3011 4
3012 11
3013 19
3014 7
3015 2
3016 13
3017 9
3018 11
3019 11
3020 9
3021 8
3022 9
3023 14
3024 10
3025 11
3026 9
3027 16
3028 16
3029 14
3030 8
3031 12
3032 14
3033 17
3034 9
3035 13
3036 11
3037 15
3038 6
3039 7
3040 6
3041 14
3042 11
3043 16
3044 7
3045 8
3046 14
3047 10
3048 2
3049 7
3050 12
3051 13
3052 3
3053 16
3054 9
3055 10
3056 8
3057 10
3058 5
3059 8
3060 9
3061 13
3062 14
3063 17
3064 13
3065 9
3066 13
3067 13
3068 5
3069 14
3070 11
3071 15
3072 13
3073 14
3074 14
3075 18
3076 7
3077 21
3078 12
3079 10
3080 8
3081 12
3082 13
3083 14
3084 11
3085 21
3086 5
3087 15
3088 6
3089 12
3090 9
3091 13
3092 7
3093 11
3094 13
3095 13
3096 6
3097 18
3098 9
3099 11
3100 6
3101 14
3102 15
3103 28
3104 15
3105 17
3106 17
3107 11
3108 7
3109 18
3110 7
3111 10
3112 8
3113 17
3114 5
3115 9
3116 5
3117 14
3118 9
3119 14
3120 6
3121 16
3122 10
3123 14
3124 4
3125 19
3126 11
3127 16
3128 6
3129 11
3130 13
3131 14
3132 10
3133 10
3134 5
3135 12
3136 6
3137 17
3138 11
3139 9
3140 5
3141 10
3142 16
3143 11
3144 14
3145 23
3146 10
3147 13
3148 12
3149 14
3150 16
3151 14
3152 7
3153 16
3154 15
3155 9
3156 9
3157 16
3158 5
3159 13
3160 4
3161 13
3162 6
3163 12
3164 6
3165 6
3166 9
3167 8
3168 13
3169 13
3170 10
3171 20
3172 8
3173 12
3174 8
3175 13
3176 3
3177 17
3178 7
3179 13
3180 4
3181 14
3182 6
3183 11
3184 11
3185 7
3186 11
3187 11
3188 8
3189 14
3190 5
3191 13
3192 6
3193 14
3194 6
3195 14
3196 13
3197 19
3198 9
3199 11
3200 8
3201 19
3202 11
3203 11
3204 10
3205 19
3206 11
3207 9
3208 11
3209 16
3210 13
3211 8
3212 10
3213 10
3214 8
3215 6
3216 6
3217 10
3218 12
3219 13
3220 6
3221 12
3222 7
3223 9
3224 7
3225 11
3226 4
3227 11
3228 10
3229 12
3230 8
3231 7
3232 12
3233 13
3234 5
3235 17
3236 7
3237 23
3238 5
3239 12
3240 9
3241 14
3242 7
3243 22
3244 8
3245 14
3246 10
3247 15
3248 7
3249 20
3250 7
3251 16
3252 7
3253 12
3254 9
3255 8
3256 10
3257 17
3258 5
3259 6
3260 7
3261 14
3262 3
3263 17
3264 5
3265 21
3266 4
3267 11
3268 10
3269 13
3270 10
3271 15
3272 9
3273 17
3274 10
3275 7
3276 13
3277 14
3278 8
3279 5
3280 11
3281 11
3282 5
3283 1
3284 7
3285 20
3286 8
3287 9
3288 4
3289 10
3290 8
3291 9
3292 5
3293 14
3294 7
3295 6
3296 9
3297 15
3298 6
3299 8
3300 6
3301 11
3302 10
3303 6
3304 7
3305 17
3306 9
3307 11
3308 5
3309 20
3310 8
3311 9
3312 9
3313 6
3314 7
3315 7
3316 1
3317 8
3318 5
3319 8
3320 2
3321 20
3322 5
3323 9
3324 12
3325 16
3326 5
3327 6
3328 11
3329 8
3330 11
3331 6
3332 8
3333 12
3334 7
3335 10
3336 11
3337 12
3338 9
3339 8
3340 4
3341 11
3342 13
3343 8
3344 5
3345 9
3346 7
3347 5
3348 6
3349 7
3350 3
3351 10
3352 11
3353 20
3354 8
3355 6
3356 11
3357 14
3358 7
3359 10
3360 7
3361 17
3362 4
3363 8
3364 2
3365 16
3366 6
3367 4
3368 11
3369 16
3370 3
3371 10
3372 11
3373 11
3374 6
3375 9
3376 6
3377 14
3378 6
3379 6
3380 9
3381 20
3382 4
3383 9
3384 9
3385 27
3386 7
3387 12
3388 9
3389 11
3390 7
3391 8
3392 12
3393 9
3394 3
3395 8
3396 7
3397 10
3398 4
3399 3
3400 10
3401 16
3402 11
3403 8
3404 10
3405 10
3406 8
3407 11
3408 5
3409 7
3410 2
3411 9
3412 6
3413 8
3414 9
3415 11
3416 1
3417 14
3418 2
3419 10
3420 9
3421 15
3422 6
3423 15
3424 10
3425 19
3426 6
3427 14
3428 5
3429 16
3430 6
3431 10
3432 13
3433 19
3434 3
3435 16
3436 7
3437 12
3438 6
3439 14
3440 7
3441 9
3442 9
3443 11
3444 6
3445 8
3446 7
3447 7
3448 13
3449 12
3450 6
3451 14
3452 10
3453 13
3454 5
3455 11
3456 6
3457 17
3458 13
3459 17
3460 15
3461 16
3462 7
3463 6
3464 15
3465 18
3466 13
3467 13
3468 8
3469 11
3470 5
3471 13
3472 8
3473 11
3474 6
3475 10
3476 11
3477 14
3478 9
3479 7
3480 2
3481 12
3482 3
3483 12
3484 7
3485 16
3486 5
3487 13
3488 8
3489 13
3490 3
3491 20
3492 8
3493 14
3494 10
3495 15
3496 8
3497 15
3498 11
3499 13
3500 7
3501 8
3502 7
3503 10
3504 5
3505 10
3506 12
3507 13
3508 10
3509 10
3510 6
3511 3
3512 5
3513 23
3514 10
3515 10
3516 8
3517 17
3518 4
3519 15
3520 8
3521 11
3522 11
3523 10
3524 11
3525 11
3526 11
3527 6
3528 10
3529 14
3530 7
3531 12
3532 12
3533 14
3534 9
3535 11
3536 7
3537 11
3538 16
3539 11
3540 7
3541 11
3542 8
3543 12
3544 7
3545 16
3546 5
3547 12
3548 5
3549 12
3550 11
3551 9
3552 7
3553 17
3554 5
3555 12
3556 6
3557 15
3558 8
3559 19
3560 7
3561 18
3562 11
3563 12
3564 6
3565 15
3566 4
3567 7
3568 5
3569 14
3570 7
3571 11
3572 8
3573 6
3574 7
3575 13
3576 6
3577 7
3578 11
3579 10
3580 4
3581 14
3582 9
3583 10
3584 15
3585 7
3586 9
3587 8
3588 13
3589 14
3590 12
3591 8
3592 10
3593 17
3594 14
3595 17
3596 3
3597 10
3598 7
3599 11
3600 5
3601 8
3602 8
3603 9
3604 8
3605 10
3606 3
3607 9
3608 3
3609 14
3610 13
3611 10
3612 8
3613 8
3614 16
3615 16
3616 6
3617 7
3618 13
3619 10
3620 9
3621 9
3622 7
3623 14
3624 9
3625 17
3626 15
3627 17
3628 5
3629 14
3630 8
3631 8
3632 6
3633 14
3634 7
3635 9
3636 9
3637 7
3638 6
3639 8
3640 9
3641 8
3642 14
3643 10
3644 11
3645 8
3646 12
3647 7
3648 9
3649 11
3650 12
3651 6
3652 7
3653 8
3654 12
3655 13
3656 6
3657 9
3658 11
3659 10
3660 9
3661 8
3662 11
3663 9
3664 9
3665 8
3666 11
3667 21
3668 9
3669 6
3670 10
3671 4
3672 6
3673 13
3674 10
3675 12
3676 9
3677 11
3678 12
3679 9
3680 6
3681 16
3682 15
3683 9
3684 11
3685 13
3686 9
3687 13
3688 12
3689 11
3690 16
3691 9
3692 7
3693 9
3694 17
3695 10
3696 3
3697 17
3698 9
3699 13
3700 12
3701 10
3702 14
3703 6
3704 6
3705 9
3706 16
3707 9
3708 9
3709 13
3710 11
3711 10
3712 14
3713 10
3714 11
3715 6
3716 14
3717 13
3718 10
3719 12
3720 8
3721 10
3722 16
3723 8
3724 7
3725 7
3726 13
3727 13
3728 8
3729 11
3730 13
3731 12
3732 6
3733 5
3734 8
3735 6
3736 9
3737 7
3738 17
3739 8
3740 9
3741 12
3742 17
3743 12
3744 7
3745 15
3746 12
3747 12
3748 4
3749 13
3750 21
3751 20
3752 8
3753 12
3754 8
3755 18
3756 7
3757 10
3758 14
3759 8
3760 16
3761 7
3762 9
3763 10
3764 9
3765 6
3766 9
3767 13
3768 5
3769 8
3770 14
3771 11
3772 15
3773 6
3774 9
3775 13
3776 16
3777 18
3778 10
3779 10
3780 4
3781 6
3782 11
3783 7
3784 8
3785 10
3786 9
3787 7
3788 10
3789 4
3790 12
3791 5
3792 6
3793 9
3794 16
3795 5
3796 10
3797 5
3798 8
3799 9
3800 11
3801 12
3802 14
3803 10
3804 9
3805 5
3806 11
3807 11
3808 9
3809 9
3810 8
3811 8
3812 7
3813 9
3814 8
3815 10
3816 5
3817 9
3818 12
3819 11
3820 14
3821 6
3822 13
3823 4
3824 9
3825 8
3826 5
3827 5
3828 5
3829 6
3830 15
3831 7
3832 7
3833 10
3834 14
3835 10
3836 5
3837 3
3838 11
3839 9
3840 9
3841 9
3842 10
3843 17
3844 7
3845 5
3846 9
3847 7
3848 7
3849 5
3850 10
3851 10
3852 5
3853 9
3854 6
3855 7
3856 5
3857 6
3858 11
3859 6
3860 5
3861 8
3862 7
3863 3
3864 8
3865 5
3866 8
3867 6
3868 6
3869 5
3870 7
3871 12
3872 8
3873 14
3874 19
3875 7
3876 5
3877 13
3878 7
3879 4
3880 8
3881 10
3882 6
3883 15
3884 4
3885 1
3886 7
3887 8
3888 10
3889 12
3890 6
3891 13
3892 5
3893 5
3894 6
3895 7
3896 9
3897 5
3898 10
3899 10
3900 13
3901 6
3902 7
3903 10
3904 7
3905 13
3906 21
3907 9
3908 11
3909 5
3910 10
3911 3
3912 9
3913 7
3914 8
3915 7
3916 11
3917 13
3918 8
3919 9
3920 4
3921 5
3922 13
3923 5
3924 11
3925 10
3926 8
3927 8
3928 7
3929 12
3930 10
3931 15
3932 8
3933 7
3934 8
3935 8
3936 7
3937 11
3938 11
3939 17
3940 13
3941 7
3942 13
3943 17
3944 14
3945 7
3946 8
3947 16
3948 7
3949 16
3950 7
3951 9
3952 8
3953 6
3954 4
3955 10
3956 5
3957 8
3958 5
3959 8
3960 9
3961 4
3962 13
3963 9
3964 7
3965 10
3966 15
3967 12
3968 14
3969 8
3970 8
3971 7
3972 11
3973 9
3974 11
3975 5
3976 8
3977 5
3978 9
3979 12
3980 8
3981 8
3982 9
3983 7
3984 3
3985 6
3986 6
3987 6
3988 3
3989 3
3990 7
3991 8
3992 14
3993 7
3994 11
3995 11
3996 10
3997 10
3998 15
3999 12
4000 13
