0 1
1 3
2 1
3 7
4 4
5 6
6 6
7 2
8 5
9 6
10 6
11 3
12 8
13 4
14 4
15 2
16 2
17 4
18 6
19 5
20 2
21 5
22 10
23 6
24 5
25 3
26 4
27 4
28 6
29 2
30 2
31 2
32 5
33 4
34 2
35 5
36 6
37 1
38 5
39 5
40 5
41 4
42 5
43 5
44 4
45 1
46 3
47 2
48 5
49 2
50 4
51 1
52 3
53 2
54 2
55 1
56 1
57 5
58 6
59 7
60 6
61 3
62 5
63 5
64 3
65 6
66 3
67 4
68 7
69 10
70 3
71 5
72 8
73 3
74 6
75 4
76 5
77 2
78 6
79 2
80 5
81 3
82 5
83 3
84 4
85 3
86 7
87 5
88 2
89 7
90 5
91 3
92 4
93 3
94 2
95 3
96 2
97 6
98 5
99 7
100 5
101 8
102 8
103 4
104 12
105 5
106 8
107 11
108 6
109 11
110 9
111 5
112 5
113 8
114 5
115 7
116 12
117 6
118 5
119 10
120 4
121 6
122 7
123 9
124 5
125 5
126 5
127 5
128 7
129 7
130 6
131 9
132 10
133 10
134 12
135 13
136 7
137 7
138 6
139 3
140 12
141 6
142 12
143 4
144 9
145 11
146 10
147 8
148 3
149 11
150 9
151 8
152 10
153 6
154 13
155 7
156 9
157 8
158 8
159 4
160 16
161 9
162 13
163 10
164 8
165 12
166 10
167 8
168 8
169 13
170 16
171 10
172 10
173 13
174 10
175 7
176 7
177 10
178 12
179 10
180 9
181 14
182 7
183 12
184 12
185 10
186 10
187 14
188 13
189 16
190 15
191 14
192 12
193 8
194 4
195 14
196 11
197 5
198 10
199 10
200 8
201 10
202 10
203 12
204 9
205 15
206 10
207 7
208 10
209 5
210 13
211 11
212 10
213 9
214 10
215 9
216 4
217 4
218 12
219 10
220 11
221 12
222 10
223 4
224 13
225 11
226 10
227 9
228 8
229 8
230 13
231 10
232 14
233 12
234 8
235 7
236 8
237 13
238 13
239 9
240 17
241 12
242 9
243 10
244 12
245 15
246 12
247 9
248 12
249 15
250 7
251 21
252 16
253 17
254 17
255 7
256 18
257 7
258 15
259 17
260 17
261 18
262 13
263 11
264 14
265 14
266 15
267 15
268 14
269 12
270 16
271 14
272 14
273 19
274 13
275 15
276 14
277 16
278 16
279 14
280 11
281 13
282 16
283 11
284 18
285 24
286 16
287 15
288 15
289 13
290 13
291 13
292 12
293 20
294 16
295 11
296 22
297 15
298 11
299 14
300 18
301 14
302 10
303 12
304 13
305 11
306 11
307 8
308 7
309 8
310 19
311 10
312 17
313 19
314 20
315 10
316 22
317 15
318 21
319 7
320 12
321 13
322 9
323 8
324 9
325 7
326 6
327 9
328 11
329 11
330 14
331 12
332 11
333 13
334 6
335 12
336 11
337 8
338 8
339 9
340 8
341 12
342 10
343 5
344 10
345 8
346 8
347 5
348 9
349 11
350 9
351 8
352 9
353 13
354 13
355 12
356 11
357 12
358 12
359 15
360 9
361 16
362 15
363 7
364 14
365 14
366 17
367 12
368 11
369 10
370 11
371 13
372 10
373 18
374 8
375 10
376 11
377 11
378 13
379 8
380 15
381 13
382 16
383 9
384 8
385 10
386 8
387 22
388 14
389 14
390 19
391 16
392 18
393 11
394 9
395 14
396 10
397 15
398 9
399 12
400 11
401 14
402 13
403 15
404 14
405 9
406 16
407 8
408 11
409 9
410 7
411 15
412 20
413 18
414 12
415 9
416 9
417 11
418 12
419 15
420 13
421 8
422 18
423 5
424 14
425 6
426 11
427 16
428 18
429 9
430 23
431 7
432 13
433 13
434 9
435 9
436 12
437 12
438 15
439 8
440 18
441 14
442 7
443 12
444 17
445 8
446 11
447 15
448 11
449 8
450 7
451 9
452 14
453 12
454 11
455 11
456 15
457 17
458 13
459 8
460 12
461 12
462 15
463 10
464 14
465 16
466 7
467 15
468 17
469 13
470 13
471 5
472 14
473 4
474 11
475 8
476 17
477 17
478 16
479 9
480 16
481 8
482 15
483 15
484 8
485 17
486 10
487 12
488 10
489 18
490 14
491 8
492 13
493 12
494 10
495 13
496 7
497 11
498 18
499 7
500 15
501 16
502 8
503 8
504 3
505 24
506 11
507 10
508 17
509 13
510 16
511 8
512 20
513 14
514 12
515 18
516 17
517 20
518 20
519 19
520 9
521 23
522 17
523 11
524 14
525 20
526 21
527 23
528 16
529 15
530 18
531 16
532 24
533 12
534 14
535 14
536 16
537 19
538 21
539 23
540 29
541 22
542 21
543 19
544 22
545 14
546 15
547 16
548 21
549 21
550 19
551 12
552 17
553 21
554 12
555 14
556 23
557 20
558 23
559 21
560 15
561 22
562 16
563 15
564 19
565 21
566 14
567 13
568 15
569 24
570 23
571 20
572 17
573 31
574 21
575 24
576 19
577 14
578 14
579 17
580 15
581 18
582 14
583 20
584 23
585 38
586 21
587 16
588 23
589 19
590 16
591 16
592 24
593 14
594 26
595 9
596 25
597 23
598 16
599 12
600 16
601 13
602 20
603 19
604 28
605 22
606 20
607 16
608 18
609 13
610 14
611 16
612 15
613 18
614 16
615 19
616 12
617 22
618 15
619 16
620 16
621 15
622 18
623 11
624 16
625 16
626 13
627 9
628 21
629 17
630 17
631 16
632 13
633 34
634 13
635 20
636 21
637 20
638 13
639 19
640 10
641 19
642 22
643 12
644 23
645 20
646 14
647 17
648 11
649 13
650 12
651 17
652 14
653 28
654 15
655 15
656 11
657 20
658 17
659 16
660 11
661 26
662 23
663 12
664 16
665 18
666 20
667 16
668 18
669 20
670 16
671 8
672 9
673 15
674 23
675 10
676 20
677 18
678 9
679 24
680 16
681 20
682 16
683 20
684 13
685 14
686 12
687 17
688 19
689 17
690 13
691 14
692 21
693 22
694 19
695 17
696 13
697 23
698 15
699 19
700 13
701 24
702 20
703 13
704 8
705 13
706 9
707 12
708 6
709 13
710 11
711 9
712 13
713 8
714 9
715 12
716 12
717 9
718 9
719 8
720 8
721 7
722 12
723 14
724 12
725 14
726 10
727 8
728 16
729 14
730 14
731 15
732 7
733 12
734 9
735 7
736 6
737 11
738 10
739 12
740 14
741 17
742 11
743 9
744 7
745 8
746 7
747 7
748 12
749 11
750 11
751 6
752 14
753 6
754 10
755 4
756 17
757 7
758 10
759 6
760 7
761 14
762 13
763 10
764 13
765 13
766 9
767 8
768 17
769 12
770 9
771 8
772 14
773 19
774 14
775 7
776 9
777 11
778 10
779 12
780 13
781 18
782 13
783 11
784 14
785 11
786 14
787 9
788 15
789 13
790 10
791 14
792 11
793 19
794 16
795 20
796 16
797 18
798 9
799 10
800 17
801 14
802 10
803 12
804 11
805 18
806 15
807 6
808 16
809 15
810 8
811 11
812 12
813 19
814 23
815 13
816 13
817 9
818 13
819 11
820 10
821 17
822 14
823 18
824 12
825 18
826 11
827 10
828 16
829 17
830 10
831 12
832 14
833 18
834 15
835 11
836 12
837 10
838 15
839 11
840 18
841 18
842 14
843 13
844 12
845 20
846 19
847 15
848 8
849 10
850 18
851 3
852 17
853 19
854 10
855 11
856 10
857 14
858 10
859 16
860 13
861 24
862 13
863 14
864 14
865 20
866 9
867 18
868 19
869 20
870 13
871 8
872 16
873 19
874 9
875 7
876 13
877 19
878 12
879 11
880 13
881 20
882 12
883 12
884 23
885 17
886 14
887 17
888 11
889 21
890 22
891 11
892 19
893 21
894 12
895 11
896 17
897 16
898 14
899 9
900 13
901 20
902 7
903 9
904 7
905 16
906 8
907 14
908 10
909 18
910 13
911 14
912 12
913 12
914 10
915 14
916 16
917 21
918 16
919 9
920 11
921 14
922 14
923 13
924 18
925 16
926 10
927 12
928 15
929 14
930 16
931 11
932 16
933 18
934 15
935 21
936 5
937 20
938 8
939 16
940 9
941 15
942 15
943 13
944 9
945 8
946 15
947 11
948 9
949 12
950 14
951 12
952 16
953 14
954 12
955 9
956 13
957 23
958 15
959 11
960 12
961 9
962 6
963 10
964 9
965 12
966 6
967 7
968 7
969 11
970 9
971 8
972 7
973 17
974 13
975 10
976 8
977 5
978 15
979 10
980 5
981 18
982 9
983 11
984 13
985 6
986 16
987 9
988 12
989 11
990 12
991 11
992 6
993 5
994 12
995 13
996 11
997 10
998 6
999 12
1000 11
1001 9
1002 10
1003 11
1004 10
1005 12
1006 13
1007 12
1008 6
1009 6
1010 13
1011 10
1012 7
1013 12
1014 10
1015 7
1016 13
1017 19
1018 9
1019 11
1020 8
1021 16
1022 9
1023 5
1024 17
1025 14
1026 8
1027 11
1028 13
1029 22
1030 16
1031 13
1032 9
1033 16
1034 8
1035 16
1036 20
1037 18
1038 16
1039 21
1040 16
1041 15
1042 11
1043 10
1044 17
1045 16
1046 14
1047 14
1048 8
1049 20
1050 16
1051 14
1052 8
1053 17
1054 19
1055 14
1056 11
1057 21
1058 11
1059 9
1060 16
1061 16
1062 8
1063 13
1064 20
1065 21
1066 10
1067 16
1068 11
1069 13
1070 14
1071 12
1072 13
1073 17
1074 12
1075 19
1076 11
1077 13
1078 14
1079 16
1080 9
1081 19
1082 13
1083 17
1084 11
1085 17
1086 20
1087 14
1088 6
1089 18
1090 8
1091 19
1092 17
1093 19
1094 7
1095 16
1096 21
1097 20
1098 6
1099 20
1100 18
1101 23
1102 19
1103 14
1104 14
1105 20
1106 9
1107 18
1108 11
1109 16
1110 16
1111 19
1112 16
1113 26
1114 15
1115 23
1116 19
1117 21
1118 23
1119 8
1120 18
1121 16
1122 16
1123 14
1124 15
1125 8
1126 11
1127 20
1128 13
1129 13
1130 8
1131 20
1132 12
1133 19
1134 21
1135 16
1136 11
1137 18
1138 14
1139 19
1140 16
1141 14
1142 7
1143 10
1144 10
1145 22
1146 12
1147 19
1148 14
1149 12
1150 15
1151 15
1152 16
1153 16
1154 8
1155 14
1156 15
1157 14
1158 11
1159 22
1160 14
1161 19
1162 12
1163 21
1164 19
1165 11
1166 13
1167 14
1168 17
1169 13
1170 10
1171 16
1172 11
1173 19
1174 14
1175 15
1176 11
1177 17
1178 19
1179 14
1180 12
1181 22
1182 19
1183 15
1184 11
1185 18
1186 10
1187 19
1188 19
1189 17
1190 21
1191 12
1192 10
1193 14
1194 11
1195 15
1196 13
1197 20
1198 16
1199 13
1200 12
1201 21
1202 10
1203 17
1204 11
1205 21
1206 23
1207 16
1208 13
1209 20
1210 9
1211 21
1212 17
1213 19
1214 14
1215 19
1216 14
1217 17
1218 9
1219 18
1220 10
1221 14
1222 8
1223 12
1224 11
1225 23
1226 21
1227 15
1228 25
1229 20
1230 13
1231 10
1232 15
1233 16
1234 16
1235 15
1236 14
1237 15
1238 15
1239 27
1240 12
1241 19
1242 11
1243 25
1244 14
1245 16
1246 14
1247 13
1248 15
1249 22
1250 5
1251 12
1252 8
1253 22
1254 18
1255 15
1256 14
1257 21
1258 11
1259 11
1260 13
1261 27
1262 9
1263 13
1264 7
1265 18
1266 17
1267 15
1268 15
1269 12
1270 11
1271 8
1272 14
1273 13
1274 24
1275 23
1276 13
1277 22
1278 16
1279 20
1280 12
1281 17
1282 11
1283 15
1284 11
1285 12
1286 11
1287 19
1288 11
1289 24
1290 14
1291 16
1292 14
1293 19
1294 10
1295 14
1296 11
1297 18
1298 9
1299 9
1300 14
1301 11
1302 19
1303 12
1304 12
1305 17
1306 9
1307 17
1308 14
1309 19
1310 23
1311 16
1312 7
1313 16
1314 9
1315 12
1316 9
1317 10
1318 6
1319 9
1320 8
1321 22
1322 9
1323 13
1324 10
1325 17
1326 20
1327 8
1328 14
1329 19
1330 5
1331 10
1332 14
1333 16
1334 15
1335 17
1336 18
1337 26
1338 15
1339 18
1340 8
1341 19
1342 16
1343 18
1344 17
1345 14
1346 15
1347 17
1348 15
1349 25
1350 16
1351 24
1352 10
1353 14
1354 17
1355 19
1356 12
1357 13
1358 18
1359 17
1360 8
1361 14
1362 18
1363 11
1364 12
1365 15
1366 10
1367 18
1368 8
1369 15
1370 12
1371 13
1372 16
1373 22
1374 14
1375 16
1376 10
1377 15
1378 10
1379 16
1380 13
1381 12
1382 10
1383 9
1384 11
1385 19
1386 12
1387 20
1388 17
1389 18
1390 16
1391 11
1392 7
1393 21
1394 9
1395 18
1396 17
1397 15
1398 14
1399 17
1400 11
1401 15
1402 14
1403 21
1404 16
1405 12
1406 11
1407 14
1408 10
1409 11
1410 12
1411 11
1412 14
1413 13
1414 11
1415 12
1416 14
1417 15
1418 12
1419 7
1420 14
1421 16
1422 6
1423 12
1424 6
1425 8
1426 7
1427 8
1428 14
1429 18
1430 14
1431 11
1432 10
1433 16
1434 6
1435 7
1436 19
1437 12
1438 11
1439 7
1440 14
1441 8
1442 18
1443 15
1444 8
1445 14
1446 14
1447 16
1448 13
1449 12
1450 14
1451 14
1452 10
1453 23
1454 11
1455 10
1456 10
1457 13
1458 7
1459 8
1460 12
1461 15
1462 12
1463 6
1464 9
1465 11
1466 10
1467 8
1468 12
1469 10
1470 14
1471 18
1472 8
1473 8
1474 9
1475 5
1476 9
1477 7
1478 7
1479 8
1480 11
1481 13
1482 6
1483 9
1484 8
1485 10
1486 5
1487 8
1488 6
1489 7
1490 7
1491 3
1492 7
1493 11
1494 11
1495 2
1496 5
1497 7
1498 16
1499 5
1500 6
1501 19
1502 10
1503 5
1504 4
1505 8
1506 7
1507 12
1508 11
1509 8
1510 6
1511 11
1512 8
1513 14
1514 11
1515 7
1516 13
1517 6
1518 7
1519 10
1520 8
1521 13
1522 13
1523 10
1524 10
1525 11
1526 12
1527 12
1528 10
1529 10
1530 14
1531 9
1532 6
1533 14
1534 11
1535 10
1536 15
1537 13
1538 7
1539 8
1540 15
1541 18
1542 13
1543 3
1544 9
1545 9
1546 13
1547 8
1548 12
1549 12
1550 16
1551 8
1552 18
1553 6
1554 8
1555 12
1556 11
1557 12
1558 9
1559 15
1560 13
1561 14
1562 17
1563 13
1564 11
1565 20
1566 16
1567 8
1568 16
1569 14
1570 7
1571 6
1572 9
1573 15
1574 4
1575 13
1576 9
1577 16
1578 10
1579 11
1580 19
1581 7
1582 14
1583 8
1584 15
1585 11
1586 10
1587 9
1588 17
1589 10
1590 11
1591 14
1592 12
1593 12
1594 15
1595 13
1596 12
1597 13
1598 16
1599 3
1600 8
1601 15
1602 11
1603 9
1604 17
1605 14
1606 9
1607 11
1608 15
1609 9
1610 8
1611 11
1612 15
1613 9
1614 9
1615 6
1616 10
1617 10
1618 11
1619 7
1620 9
1621 12
1622 6
1623 6
1624 16
1625 13
1626 15
1627 9
1628 18
1629 27
1630 16
1631 6
1632 6
1633 12
1634 8
1635 11
1636 13
1637 11
1638 5
1639 9
1640 15
1641 22
1642 9
1643 6
1644 16
1645 20
1646 10
1647 11
1648 11
1649 18
1650 8
1651 12
1652 12
1653 13
1654 13
1655 9
1656 12
1657 10
1658 10
1659 11
1660 9
1661 14
1662 12
1663 14
1664 8
1665 10
1666 8
1667 9
1668 6
1669 14
1670 9
1671 11
1672 14
1673 17
1674 12
1675 12
1676 11
1677 17
1678 8
1679 12
1680 9
1681 18
1682 14
1683 12
1684 11
1685 10
1686 9
1687 9
1688 4
1689 12
1690 13
1691 9
1692 13
1693 17
1694 7
1695 9
1696 7
1697 8
1698 11
1699 11
1700 10
1701 7
1702 8
1703 9
1704 8
1705 13
1706 9
1707 10
1708 9
1709 20
1710 5
1711 8
1712 7
1713 12
1714 12
1715 8
1716 5
1717 13
1718 10
1719 11
1720 11
1721 11
1722 10
1723 8
1724 10
1725 13
1726 10
1727 7
1728 8
1729 11
1730 6
1731 14
1732 10
1733 10
1734 8
1735 10
1736 13
1737 9
1738 6
1739 10
1740 19
1741 13
1742 4
1743 10
1744 11
1745 13
1746 12
1747 10
1748 12
1749 11
1750 8
1751 11
1752 9
1753 11
1754 8
1755 14
1756 16
1757 20
1758 8
1759 7
1760 12
1761 9
1762 14
1763 3
1764 9
1765 11
1766 8
1767 4
1768 11
1769 12
1770 9
1771 15
1772 6
1773 13
1774 10
1775 10
1776 3
1777 16
1778 11
1779 7
1780 14
1781 5
1782 7
1783 4
1784 13
1785 14
1786 16
1787 8
1788 20
1789 16
1790 7
1791 12
1792 9
1793 11
1794 1
1795 11
1796 10
1797 16
1798 10
1799 10
1800 10
1801 15
1802 7
1803 10
1804 9
1805 7
1806 11
1807 9
1808 4
1809 9
1810 6
1811 9
1812 14
1813 12
1814 9
1815 11
1816 10
1817 13
1818 5
1819 12
1820 12
1821 18
1822 9
1823 8
1824 7
1825 10
1826 10
1827 8
1828 9
1829 12
1830 13
1831 10
1832 11
1833 13
1834 11
1835 7
1836 5
1837 14
1838 8
1839 5
1840 7
1841 11
1842 3
1843 11
1844 14
1845 6
1846 13
1847 13
1848 12
1849 12
1850 14
1851 6
1852 12
1853 10
1854 5
1855 13
1856 20
1857 8
1858 9
1859 12
1860 9
1861 7
1862 6
1863 18
1864 13
1865 11
1866 9
1867 12
1868 10
1869 23
1870 14
1871 9
1872 8
1873 11
1874 7
1875 8
1876 10
1877 16
1878 12
1879 9
1880 4
1881 9
1882 9
1883 15
1884 17
1885 11
1886 12
1887 7
1888 8
1889 10
1890 9
1891 11
1892 9
1893 10
1894 8
1895 6
1896 12
1897 10
1898 6
1899 12
1900 9
1901 15
1902 12
1903 12
1904 8
1905 12
1906 5
1907 7
1908 8
1909 7
1910 5
1911 8
1912 10
1913 14
1914 7
1915 20
1916 11
1917 13
1918 8
1919 12
1920 5
1921 11
1922 5
1923 6
1924 13
1925 8
1926 7
1927 8
1928 7
1929 14
1930 8
1931 9
1932 9
1933 7
1934 6
1935 9
1936 3
1937 11
1938 5
1939 8
1940 12
1941 13
1942 8
1943 10
1944 6
1945 10
1946 4
1947 8
1948 14
1949 5
1950 7
1951 5
1952 6
1953 3
1954 14
1955 8
1956 8
1957 6
1958 3
1959 6
1960 9
1961 8
1962 14
1963 11
1964 15
1965 5
1966 3
1967 7
1968 5
1969 9
1970 9
1971 4
1972 10
1973 8
1974 7
1975 8
1976 2
1977 3
1978 10
1979 8
1980 9
1981 10
1982 16
1983 10
1984 5
1985 5
1986 9
1987 11
1988 7
1989 12
1990 6
1991 9
1992 6
1993 6
1994 4
1995 7
1996 6
1997 9
1998 6
1999 4
2000 7
2001 4
2002 5
2003 3
2004 9
2005 10
2006 4
2007 4
2008 6
2009 8
2010 7
2011 1
2012 10
2013 9
2014 5
2015 9
2016 7
2017 2
2018 4
2019 3
2020 4
2021 8
2022 4
2023 5
2024 7
2025 9
2026 5
2027 6
2028 5
2029 6
2030 10
2031 4
2032 3
2033 9
2034 5
2035 5
2036 9
2037 5
2038 5
2039 8
2040 4
2041 6
2042 6
2043 6
2044 8
2045 8
2046 4
2047 7
2048 10
2049 14
2050 8
2051 10
2052 8
2053 12
2054 14
2055 11
2056 8
2057 10
2058 10
2059 7
2060 10
2061 14
2062 6
2063 13
2064 12
2065 13
2066 10
2067 7
2068 14
2069 14
2070 13
2071 12
2072 7
2073 8
2074 11
2075 13
2076 12
2077 20
2078 9
2079 10
2080 11
2081 12
2082 10
2083 12
2084 7
2085 8
2086 13
2087 8
2088 6
2089 9
2090 15
2091 13
2092 6
2093 12
2094 15
2095 16
2096 7
2097 6
2098 9
2099 10
2100 12
2101 14
2102 9
2103 11
2104 9
2105 11
2106 10
2107 8
2108 12
2109 19
2110 12
2111 6
2112 5
2113 10
2114 10
2115 10
2116 10
2117 11
2118 11
2119 10
2120 16
2121 8
2122 11
2123 8
2124 17
2125 25
2126 4
2127 10
2128 7
2129 13
2130 4
2131 13
2132 13
2133 13
2134 18
2135 8
2136 6
2137 10
2138 14
2139 15
2140 13
2141 18
2142 10
2143 11
2144 8
2145 10
2146 14
2147 11
2148 12
2149 10
2150 8
2151 10
2152 11
2153 12
2154 12
2155 15
2156 9
2157 13
2158 12
2159 12
2160 7
2161 13
2162 5
2163 15
2164 7
2165 12
2166 12
2167 6
2168 20
2169 18
2170 14
2171 5
2172 12
2173 14
2174 16
2175 14
2176 14
2177 17
2178 12
2179 7
2180 8
2181 15
2182 9
2183 15
2184 6
2185 8
2186 14
2187 15
2188 18
2189 7
2190 8
2191 13
2192 7
2193 15
2194 15
2195 14
2196 8
2197 13
2198 6
2199 11
2200 9
2201 11
2202 16
2203 13
2204 15
2205 19
2206 14
2207 9
2208 6
2209 13
2210 15
2211 7
2212 14
2213 12
2214 16
2215 15
2216 9
2217 16
2218 15
2219 13
2220 13
2221 16
2222 13
2223 6
2224 5
2225 18
2226 6
2227 12
2228 11
2229 10
2230 12
2231 7
2232 8
2233 13
2234 17
2235 13
2236 5
2237 19
2238 5
2239 9
2240 8
2241 10
2242 19
2243 7
2244 7
2245 3
2246 16
2247 14
2248 14
2249 12
2250 13
2251 12
2252 9
2253 19
2254 10
2255 15
2256 15
2257 15
2258 6
2259 11
2260 16
2261 18
2262 10
2263 9
2264 13
2265 13
2266 13
2267 14
2268 11
2269 9
2270 21
2271 14
2272 8
2273 17
2274 7
2275 14
2276 9
2277 10
2278 11
2279 12
2280 15
2281 15
2282 10
2283 13
2284 8
2285 11
2286 9
2287 14
2288 9
2289 18
2290 10
2291 4
2292 8
2293 8
2294 10
2295 17
2296 10
2297 13
2298 16
2299 14
2300 5
2301 19
2302 9
2303 13
2304 9
2305 12
2306 6
2307 9
2308 16
2309 13
2310 11
2311 5
2312 11
2313 7
2314 14
2315 10
2316 12
2317 8
2318 16
2319 12
2320 15
2321 10
2322 9
2323 7
2324 6
2325 11
2326 14
2327 7
2328 14
2329 13
2330 13
2331 10
2332 10
2333 10
2334 6
2335 12
2336 12
2337 9
2338 10
2339 9
2340 16
2341 9
2342 14
2343 9
2344 14
2345 10
2346 14
2347 13
2348 11
2349 9
2350 13
2351 10
2352 12
2353 11
2354 6
2355 5
2356 9
2357 8
2358 10
2359 11
2360 8
2361 17
2362 10
2363 13
2364 13
2365 9
2366 7
2367 19
2368 6
2369 12
2370 13
2371 4
2372 10
2373 13
2374 16
2375 10
2376 4
2377 8
2378 13
2379 13
2380 15
2381 13
2382 14
2383 7
2384 12
2385 9
2386 3
2387 12
2388 14
2389 8
2390 11
2391 9
2392 13
2393 14
2394 10
2395 15
2396 15
2397 9
2398 17
2399 13
2400 11
2401 18
2402 8
2403 16
2404 8
2405 12
2406 13
2407 6
2408 11
2409 8
2410 11
2411 11
2412 8
2413 16
2414 8
2415 14
2416 7
2417 9
2418 10
2419 7
2420 8
2421 9
2422 12
2423 9
2424 8
2425 7
2426 6
2427 9
2428 10
2429 22
2430 14
2431 10
2432 4
2433 12
2434 9
2435 11
2436 14
2437 9
2438 10
2439 7
2440 7
2441 10
2442 15
2443 10
2444 12
2445 11
2446 15
2447 9
2448 15
2449 10
2450 9
2451 6
2452 8
2453 18
2454 9
2455 15
2456 9
2457 12
2458 11
2459 17
2460 9
2461 9
2462 11
2463 8
2464 8
2465 9
2466 9
2467 6
2468 12
2469 8
2470 12
2471 9
2472 14
2473 15
2474 3
2475 12
2476 12
2477 22
2478 13
2479 17
2480 12
2481 15
2482 8
2483 11
2484 13
2485 7
2486 18
2487 13
2488 13
2489 13
2490 12
2491 12
2492 13
2493 11
2494 14
2495 14
2496 5
2497 11
2498 10
2499 6
2500 9
2501 14
2502 7
2503 10
2504 4
2505 10
2506 8
2507 18
2508 10
2509 16
2510 9
2511 7
2512 11
2513 17
2514 7
2515 13
2516 11
2517 15
2518 11
2519 12
2520 5
2521 12
2522 7
2523 12
2524 4
2525 12
2526 10
2527 8
2528 7
2529 12
2530 8
2531 11
2532 9
2533 16
2534 7
2535 9
2536 9
2537 12
2538 9
2539 17
2540 13
2541 11
2542 12
2543 15
2544 8
2545 6
2546 9
2547 8
2548 6
2549 7
2550 15
2551 18
2552 11
2553 8
2554 9
2555 12
2556 15
2557 14
2558 14
2559 13
2560 8
2561 8
2562 6
2563 10
2564 7
2565 12
2566 3
2567 8
2568 8
2569 15
2570 10
2571 12
2572 4
2573 12
2574 16
2575 5
2576 6
2577 11
2578 12
2579 12
2580 11
2581 13
2582 13
2583 7
2584 9
2585 8
2586 9
2587 11
2588 9
2589 4
2590 13
2591 9
2592 8
2593 13
2594 13
2595 9
2596 12
2597 7
2598 18
2599 8
2600 3
2601 11
2602 13
2603 9
2604 12
2605 11
2606 5
2607 6
2608 8
2609 14
2610 5
2611 12
2612 12
2613 11
2614 10
2615 8
2616 10
2617 6
2618 8
2619 12
2620 10
2621 15
2622 11
2623 8
2624 8
2625 7
2626 8
2627 12
2628 11
2629 12
2630 7
2631 10
2632 14
2633 8
2634 7
2635 11
2636 11
2637 12
2638 10
2639 8
2640 8
2641 11
2642 11
2643 19
2644 12
2645 14
2646 8
2647 10
2648 8
2649 10
2650 6
2651 8
2652 9
2653 17
2654 14
2655 17
2656 5
2657 10
2658 7
2659 8
2660 14
2661 12
2662 8
2663 10
2664 5
2665 8
2666 6
2667 14
2668 15
2669 10
2670 11
2671 5
2672 10
2673 11
2674 7
2675 16
2676 8
2677 10
2678 12
2679 12
2680 9
2681 13
2682 7
2683 12
2684 9
2685 14
2686 11
2687 11
2688 9
2689 14
2690 12
2691 17
2692 13
2693 10
2694 7
2695 7
2696 11
2697 12
2698 17
2699 14
2700 14
2701 15
2702 11
2703 6
2704 10
2705 9
2706 9
2707 3
2708 9
2709 22
2710 9
2711 11
2712 4
2713 9
2714 10
2715 5
2716 13
2717 13
2718 15
2719 16
2720 11
2721 8
2722 12
2723 5
2724 10
2725 12
2726 7
2727 9
2728 8
2729 12
2730 15
2731 15
2732 13
2733 9
2734 13
2735 4
2736 12
2737 11
2738 10
2739 8
2740 5
2741 14
2742 12
2743 11
2744 7
2745 15
2746 8
2747 8
2748 14
2749 13
2750 10
2751 10
2752 8
2753 11
2754 10
2755 8
2756 12
2757 7
2758 11
2759 9
2760 13
2761 13
2762 12
2763 10
2764 21
2765 8
2766 8
2767 14
2768 7
2769 17
2770 7
2771 8
2772 9
2773 13
2774 10
2775 14
2776 8
2777 7
2778 8
2779 13
2780 11
2781 14
2782 11
2783 13
2784 12
2785 10
2786 7
2787 12
2788 14
2789 10
2790 9
2791 5
2792 10
2793 6
2794 13
2795 11
2796 7
2797 16
2798 15
2799 17
2800 16
2801 8
2802 15
2803 7
2804 9
2805 12
2806 13
2807 9
2808 8
2809 12
2810 5
2811 12
2812 11
2813 13
2814 8
2815 7
2816 9
2817 7
2818 6
2819 4
2820 9
2821 14
2822 8
2823 6
2824 5
2825 4
2826 10
2827 9
2828 7
2829 7
2830 6
2831 5
2832 4
2833 4
2834 4
2835 7
2836 9
2837 10
2838 5
2839 6
2840 8
2841 8
2842 9
2843 11
2844 8
2845 12
2846 5
2847 10
2848 7
2849 9
2850 8
2851 8
2852 12
2853 5
2854 5
2855 9
2856 6
2857 6
2858 16
2859 8
2860 9
2861 10
2862 17
2863 5
2864 5
2865 5
2866 8
2867 16
2868 7
2869 15
2870 2
2871 11
2872 9
2873 13
2874 7
2875 5
2876 8
2877 12
2878 8
2879 8
2880 4
2881 10
2882 5
2883 5
2884 11
2885 5
2886 3
2887 4
2888 5
2889 7
2890 9
2891 9
2892 8
2893 15
2894 10
2895 8
2896 4
2897 6
2898 5
2899 7
2900 9
2901 9
2902 10
2903 5
2904 2
2905 10
2906 4
2907 11
2908 12
2909 9
2910 6
2911 7
2912 11
2913 6
2914 3
2915 12
2916 4
2917 6
2918 5
2919 8
2920 8
2921 6
2922 9
2923 8
2924 6
2925 9
2926 11
2927 5
2928 5
2929 7
2930 8
2931 8
2932 11
2933 8
2934 5
2935 5
2936 5
2937 5
2938 8
2939 16
2940 5
2941 10
2942 10
2943 5
2944 5
2945 6
2946 1
2947 5
2948 14
2949 10
2950 6
2951 4
2952 8
2953 3
2954 6
2955 10
2956 6
2957 12
2958 7
2959 7
2960 7
2961 6
2962 8
2963 9
2964 5
2965 9
2966 9
2967 8
2968 4
2969 4
2970 7
2971 12
2972 4
2973 9
2974 7
2975 10
2976 6
2977 6
2978 10
2979 7
2980 6
2981 9
2982 9
2983 6
2984 6
2985 8
2986 5
2987 9
2988 5
2989 8
2990 11
2991 6
2992 3
2993 10
2994 2
2995 7
2996 3
2997 6
2998 5
2999 5
3000 6
3001 6
3002 6
3003 9
3004 3
3005 11
3006 5
3007 12
3008 4
3009 5
3010 6
3011 9
3012 5
3013 10
3014 9
3015 7
3016 11
3017 6
3018 4
3019 11
3020 5
3021 9
3022 6
3023 5
3024 8
3025 10
3026 4
3027 7
3028 11
3029 5
3030 9
3031 4
3032 6
3033 4
3034 5
3035 8
3036 10
3037 7
3038 7
3039 12
3040 5
3041 6
3042 3
3043 8
3044 8
3045 6
3046 2
3047 2
3048 0
3049 9
3050 6
3051 6
3052 12
3053 4
3054 9
3055 5
3056 8
3057 5
3058 4
3059 10
3060 2
3061 11
3062 9
3063 6
3064 8
3065 6
3066 5
3067 6
3068 5
3069 7
3070 10
3071 5
3072 6
3073 11
3074 7
3075 11
3076 13
3077 8
3078 4
3079 5
3080 6
3081 7
3082 8
3083 13
3084 9
3085 12
3086 8
3087 5
3088 10
3089 16
3090 6
3091 8
3092 16
3093 10
3094 10
3095 3
3096 5
3097 5
3098 9
3099 8
3100 7
3101 7
3102 6
3103 14
3104 9
3105 9
3106 4
3107 9
3108 12
3109 5
3110 15
3111 10
3112 7
3113 3
3114 6
3115 8
3116 15
3117 11
3118 9
3119 4
3120 6
3121 10
3122 8
3123 7
3124 12
3125 6
3126 8
3127 8
3128 6
3129 6
3130 8
3131 10
3132 16
3133 12
3134 7
3135 8
3136 9
3137 6
3138 4
3139 8
3140 16
3141 3
3142 7
3143 6
3144 12
3145 6
3146 7
3147 2
3148 14
3149 14
3150 7
3151 7
3152 10
3153 12
3154 4
3155 4
3156 8
3157 6
3158 2
3159 4
3160 6
3161 6
3162 8
3163 13
3164 19
3165 16
3166 6
3167 9
3168 9
3169 8
3170 7
3171 4
3172 12
3173 4
3174 5
3175 9
3176 11
3177 2
3178 4
3179 8
3180 10
3181 8
3182 7
3183 7
3184 7
3185 4
3186 11
3187 13
3188 6
3189 14
3190 5
3191 10
3192 5
3193 6
3194 5
3195 10
3196 9
3197 10
3198 4
3199 9
3200 8
3201 7
3202 10
3203 13
3204 12
3205 10
3206 6
3207 11
3208 8
3209 10
3210 5
3211 6
3212 14
3213 13
3214 6
3215 9
3216 8
3217 8
3218 6
3219 8
3220 4
3221 9
3222 6
3223 7
3224 6
3225 4
3226 6
3227 7
3228 7
3229 8
3230 10
3231 4
3232 7
3233 9
3234 7
3235 6
3236 9
3237 5
3238 4
3239 8
3240 3
3241 3
3242 3
3243 8
3244 10
3245 9
3246 7
3247 7
3248 14
3249 9
3250 7
3251 6
3252 7
3253 7
3254 8
3255 12
3256 4
3257 8
3258 10
3259 4
3260 12
3261 13
3262 8
3263 7
3264 13
3265 5
3266 5
3267 5
3268 9
3269 5
3270 5
3271 10
3272 6
3273 11
3274 14
3275 7
3276 5
3277 10
3278 3
3279 14
3280 7
3281 8
3282 4
3283 7
3284 11
3285 10
3286 5
3287 11
3288 6
3289 6
3290 6
3291 7
3292 12
3293 10
3294 6
3295 10
3296 11
3297 5
3298 6
3299 3
3300 8
3301 6
3302 7
3303 7
3304 6
3305 8
3306 6
3307 4
3308 4
3309 11
3310 4
3311 9
3312 9
3313 9
3314 6
3315 4
3316 14
3317 8
3318 7
3319 9
3320 4
3321 12
3322 3
3323 13
3324 7
3325 13
3326 6
3327 15
3328 5
3329 4
3330 5
3331 4
3332 10
3333 9
3334 6
3335 4
3336 7
3337 6
3338 11
3339 7
3340 8
3341 12
3342 8
3343 5
3344 8
3345 6
3346 4
3347 8
3348 11
3349 12
3350 9
3351 8
3352 5
3353 10
3354 5
3355 10
3356 7
3357 11
3358 3
3359 4
3360 5
3361 10
3362 9
3363 5
3364 9
3365 5
3366 5
3367 4
3368 12
3369 3
3370 3
3371 14
3372 5
3373 8
3374 7
3375 4
3376 7
3377 9
3378 6
3379 6
3380 8
3381 9
3382 4
3383 7
3384 12
3385 5
3386 2
3387 11
3388 9
3389 8
3390 5
3391 7
3392 6
3393 9
3394 4
3395 5
3396 10
3397 8
3398 6
3399 7
3400 5
3401 10
3402 5
3403 5
3404 14
3405 10
3406 7
3407 3
3408 8
3409 3
3410 2
3411 4
3412 7
3413 6
3414 4
3415 8
3416 5
3417 9
3418 9
3419 10
3420 4
3421 9
3422 6
3423 8
3424 5
3425 8
3426 5
3427 4
3428 5
3429 6
3430 1
3431 8
3432 7
3433 10
3434 7
3435 5
3436 9
3437 11
3438 7
3439 9
3440 10
3441 7
3442 3
3443 11
3444 11
3445 13
3446 9
3447 8
3448 10
3449 8
3450 3
3451 8
3452 6
3453 5
3454 6
3455 6
3456 2
3457 6
3458 4
3459 8
3460 13
3461 5
3462 5
3463 6
3464 4
3465 11
3466 5
3467 8
3468 8
3469 10
3470 7
3471 5
3472 4
3473 4
3474 4
3475 6
3476 10
3477 9
3478 3
3479 7
3480 7
3481 4
3482 10
3483 8
3484 11
3485 7
3486 3
3487 8
3488 8
3489 8
3490 7
3491 8
3492 7
3493 6
3494 7
3495 5
3496 5
3497 14
3498 5
3499 7
3500 10
3501 15
3502 3
3503 4
3504 6
3505 12
3506 7
3507 9
3508 11
3509 7
3510 6
3511 9
3512 9
3513 7
3514 6
3515 9
3516 12
3517 15
3518 7
3519 7
3520 3
3521 2
3522 2
3523 6
3524 7
3525 9
3526 4
3527 5
3528 5
3529 9
3530 4
3531 5
3532 11
3533 6
3534 4
3535 2
3536 4
3537 4
3538 7
3539 2
3540 4
3541 9
3542 4
3543 8
3544 7
3545 8
3546 8
3547 8
3548 9
3549 12
3550 2
3551 8
3552 5
3553 8
3554 4
3555 7
3556 3
3557 2
3558 3
3559 6
3560 10
3561 9
3562 3
3563 8
3564 4
3565 3
3566 8
3567 2
3568 7
3569 6
3570 3
3571 5
3572 7
3573 6
3574 4
3575 9
3576 3
3577 6
3578 6
3579 14
3580 15
3581 11
3582 9
3583 10
3584 11
3585 10
3586 5
3587 6
3588 6
3589 14
3590 7
3591 6
3592 4
3593 8
3594 5
3595 6
3596 3
3597 8
3598 7
3599 4
3600 6
3601 9
3602 7
3603 16
3604 11
3605 7
3606 4
3607 4
3608 10
3609 7
3610 9
3611 7
3612 4
3613 8
3614 7
3615 3
3616 9
3617 6
3618 4
3619 2
3620 10
3621 5
3622 1
3623 5
3624 7
3625 11
3626 5
3627 12
3628 7
3629 4
3630 3
3631 7
3632 7
3633 5
3634 4
3635 7
3636 4
3637 8
3638 9
3639 7
3640 4
3641 9
3642 2
3643 7
3644 5
3645 11
3646 3
3647 7
3648 9
3649 11
3650 6
3651 6
3652 9
3653 3
3654 8
3655 3
3656 6
3657 7
3658 6
3659 11
3660 5
3661 11
3662 3
3663 7
3664 2
3665 5
3666 4
3667 8
3668 7
3669 11
3670 9
3671 5
3672 8
3673 10
3674 4
3675 9
3676 8
3677 12
3678 8
3679 6
3680 6
3681 6
3682 2
3683 9
3684 13
3685 6
3686 2
3687 3
3688 9
3689 3
3690 4
3691 4
3692 9
3693 7
3694 4
3695 5
3696 6
3697 3
3698 4
3699 10
3700 7
3701 13
3702 7
3703 6
3704 3
3705 9
3706 6
3707 7
3708 7
3709 12
3710 3
3711 14
3712 4
3713 5
3714 9
3715 7
3716 6
3717 11
3718 9
3719 2
3720 2
3721 4
3722 7
3723 11
3724 10
3725 7
3726 5
3727 6
3728 7
3729 5
3730 7
3731 7
3732 8
3733 11
3734 4
3735 7
3736 4
3737 5
3738 6
3739 9
3740 7
3741 8
3742 1
3743 4
3744 10
3745 4
3746 3
3747 4
3748 12
3749 8
3750 2
3751 3
3752 4
3753 8
3754 13
3755 6
3756 11
3757 2
3758 7
3759 4
3760 4
3761 2
3762 7
3763 8
3764 5
3765 5
3766 6
3767 6
3768 4
3769 12
3770 6
3771 9
3772 8
3773 9
3774 5
3775 4
3776 7
3777 9
3778 4
3779 6
3780 6
3781 5
3782 2
3783 8
3784 15
3785 5
3786 4
3787 10
3788 6
3789 4
3790 1
3791 6
3792 6
3793 6
3794 2
3795 5
3796 5
3797 2
3798 5
3799 10
3800 10
3801 5
3802 4
3803 14
3804 7
3805 8
3806 1
3807 3
3808 6
3809 2
3810 3
3811 2
3812 3
3813 7
3814 6
3815 6
3816 7
3817 5
3818 3
3819 3
3820 8
3821 9
3822 5
3823 8
3824 8
3825 6
3826 2
3827 7
3828 8
3829 6
3830 3
3831 11
3832 5
3833 9
3834 4
3835 8
3836 11
3837 8
3838 3
3839 4
3840 5
3841 6
3842 4
3843 3
3844 5
3845 3
3846 5
3847 4
3848 8
3849 6
3850 4
3851 5
3852 3
3853 4
3854 5
3855 7
3856 6
3857 5
3858 2
3859 7
3860 2
3861 3
3862 4
3863 3
3864 2
3865 1
3866 5
3867 11
3868 6
3869 6
3870 3
3871 3
3872 7
3873 9
3874 3
3875 3
3876 2
3877 6
3878 3
3879 4
3880 9
3881 9
3882 4
3883 5
3884 5
3885 8
3886 4
3887 6
3888 2
3889 4
3890 10
3891 5
3892 4
3893 2
3894 7
3895 7
3896 4
3897 4
3898 3
3899 5
3900 3
3901 5
3902 4
3903 5
3904 4
3905 11
3906 5
3907 2
3908 2
3909 6
3910 4
3911 4
3912 4
3913 4
3914 3
3915 5
3916 6
3917 4
3918 2
3919 7
3920 3
3921 2
3922 3
3923 2
3924 7
3925 2
3926 4
3927 2
3928 5
3929 9
3930 3
3931 3
3932 4
3933 5
3934 5
3935 11
3936 5
3937 4
3938 2
3939 2
3940 4
3941 1
3942 5
3943 4
3944 2
3945 10
3946 2
3947 4
3948 6
3949 3
3950 4
3951 6
3952 3
3953 7
3954 3
3955 8
3956 4
3957 6
3958 3
3959 8
3960 4
3961 7
3962 4
3963 8
3964 5
3965 6
3966 1
3967 6
3968 3
3969 4
3970 5
3971 4
3972 4
3973 5
3974 7
3975 6
3976 5
3977 5
3978 2
3979 7
3980 3
3981 4
3982 1
3983 4
3984 6
3985 4
3986 1
3987 7
3988 2
3989 9
3990 3
3991 6
3992 1
3993 8
3994 7
3995 6
3996 4
3997 5
3998 4
3999 6
4000 3
