0 0
1 0
2 0
3 0
4 0
5 0
6 0
7 0
8 0
9 0
10 0
11 0
12 0
13 0
14 0
15 0
16 0
17 0
18 0
19 0
20 0
21 0
22 0
23 0
24 0
25 0
26 0
27 0
28 0
29 0
30 0
31 0
32 0
33 0
34 0
35 0
36 0
37 0
38 0
39 0
40 0
41 0
42 0
43 0
44 0
45 0
46 0
47 0
48 0
49 0
50 0
51 0
52 0
53 0
54 0
55 0
56 0
57 0
58 0
59 0
60 0
61 0
62 0
63 0
64 0
65 0
66 0
67 0
68 0
69 0
70 0
71 0
72 0
73 0
74 0
75 0
76 0
77 0
78 0
79 0
80 0
81 0
82 0
83 0
84 0
85 0
86 0
87 0
88 0
89 0
90 0
91 0
92 0
93 0
94 0
95 0
96 0
97 1
98 1
99 1
100 1
101 1
102 1
103 1
104 1
105 1
106 1
107 1
108 1
109 1
110 1
111 1
112 1
113 1
114 1
115 1
116 1
117 0
118 1
119 1
120 1
121 1
122 1
123 0
124 0
125 0
126 0
127 0
128 0
129 1
130 1
131 1
132 1
133 1
134 1
135 1
136 1
137 1
138 1
139 1
140 1
141 1
142 1
143 1
144 1
145 1
146 1
147 1
148 1
149 1
150 1
151 1
152 1
153 1
154 1
155 0
156 0
157 0
158 0
159 0
160 0
161 0
162 0
163 0
164 0
165 0
166 0
167 1
168 0
169 2
170 1
171 1
172 1
173 1
174 1
175 1
176 1
177 0
178 1
179 2
180 3
181 5
182 0
183 3
184 5
185 2
186 4
187 2
188 4
189 4
190 2
191 4
192 2
193 3
194 0
195 5
196 3
197 0
198 5
199 3
200 0
201 6
202 2
203 2
204 1
205 7
206 4
207 5
208 1
209 4
210 4
211 8
212 2
213 5
214 3
215 5
216 6
217 7
218 4
219 6
220 4
221 3
222 3
223 2
224 4
225 3
226 7
227 4
228 2
229 3
230 6
231 6
232 7
233 7
234 5
235 3
236 3
237 6
238 7
239 9
240 2
241 7
242 11
243 10
244 5
245 12
246 7
247 10
248 7
249 8
250 14
251 11
252 11
253 8
254 10
255 4
256 6
257 11
258 10
259 8
260 3
261 8
262 8
263 7
264 10
265 4
266 2
267 6
268 3
269 3
270 3
271 1
272 4
273 5
274 0
275 2
276 2
277 4
278 4
279 4
280 0
281 1
282 2
283 1
284 1
285 1
286 0
287 0
288 0
289 1
290 0
291 1
292 1
293 0
294 2
295 2
296 0
297 3
298 2
299 2
300 3
301 2
302 2
303 3
304 3
305 7
306 8
307 4
308 4
309 3
310 11
311 7
312 9
313 10
314 11
315 16
316 12
317 7
318 12
319 15
320 11
321 13
322 20
323 13
324 21
325 10
326 22
327 21
328 10
329 19
330 19
331 18
332 13
333 17
334 19
335 17
336 27
337 17
338 23
339 16
340 20
341 16
342 22
343 17
344 32
345 20
346 25
347 26
348 28
349 23
350 24
351 22
352 31
353 18
354 28
355 19
356 27
357 24
358 21
359 27
360 17
361 24
362 30
363 20
364 16
365 15
366 23
367 10
368 24
369 15
370 8
371 11
372 11
373 15
374 11
375 7
376 9
377 5
378 5
379 4
380 5
381 3
382 1
383 4
384 2
385 2
386 1
387 0
388 2
389 2
390 4
391 1
392 0
393 1
394 1
395 1
396 1
397 3
398 3
399 2
400 3
401 5
402 3
403 8
404 7
405 5
406 12
407 5
408 16
409 9
410 15
411 14
412 20
413 10
414 25
415 20
416 24
417 19
418 26
419 14
420 32
421 22
422 32
423 18
424 34
425 25
426 37
427 31
428 34
429 28
430 37
431 27
432 39
433 36
434 38
435 30
436 32
437 30
438 33
439 35
440 36
441 39
442 45
443 31
444 49
445 34
446 52
447 46
448 59
449 40
450 50
451 45
452 56
453 38
454 64
455 39
456 61
457 54
458 66
459 58
460 53
461 57
462 53
463 58
464 59
465 40
466 63
467 56
468 46
469 54
470 44
471 40
472 55
473 42
474 45
475 34
476 50
477 30
478 40
479 30
480 35
481 24
482 23
483 19
484 25
485 17
486 20
487 11
488 13
489 18
490 11
491 11
492 8
493 8
494 6
495 6
496 1
497 2
498 1
499 4
500 3
501 1
502 2
503 1
504 4
505 3
506 5
507 5
508 2
509 8
510 6
511 5
512 9
513 9
514 7
515 13
516 12
517 20
518 14
519 17
520 17
521 18
522 17
523 15
524 19
525 24
526 27
527 35
528 28
529 38
530 39
531 40
532 49
533 35
534 42
535 40
536 51
537 45
538 37
539 48
540 42
541 49
542 44
543 45
544 36
545 46
546 52
547 59
548 52
549 59
550 61
551 55
552 61
553 61
554 63
555 62
556 67
557 74
558 63
559 70
560 77
561 87
562 81
563 76
564 96
565 72
566 86
567 81
568 79
569 93
570 70
571 79
572 86
573 88
574 82
575 83
576 80
577 86
578 79
579 68
580 70
581 71
582 58
583 56
584 72
585 56
586 52
587 60
588 56
589 54
590 46
591 43
592 26
593 41
594 29
595 20
596 23
597 19
598 12
599 13
600 15
601 19
602 10
603 16
604 8
605 10
606 9
607 7
608 4
609 9
610 9
611 5
612 4
613 6
614 13
615 7
616 9
617 12
618 11
619 9
620 15
621 16
622 11
623 18
624 17
625 26
626 23
627 25
628 24
629 29
630 31
631 31
632 24
633 38
634 42
635 51
636 34
637 42
638 48
639 47
640 47
641 59
642 61
643 33
644 59
645 65
646 62
647 73
648 63
649 91
650 62
651 76
652 55
653 63
654 64
655 77
656 65
657 74
658 75
659 91
660 87
661 74
662 82
663 80
664 104
665 99
666 90
667 91
668 87
669 111
670 90
671 89
672 102
673 112
674 111
675 103
676 103
677 98
678 86
679 111
680 101
681 104
682 98
683 106
684 100
685 81
686 83
687 99
688 77
689 108
690 75
691 84
692 67
693 63
694 59
695 61
696 58
697 45
698 37
699 49
700 50
701 46
702 32
703 34
704 27
705 22
706 22
707 22
708 22
709 19
710 21
711 17
712 10
713 6
714 13
715 12
716 15
717 14
718 14
719 4
720 7
721 6
722 10
723 10
724 16
725 23
726 16
727 7
728 13
729 21
730 23
731 22
732 22
733 24
734 32
735 26
736 22
737 25
738 37
739 27
740 31
741 28
742 38
743 40
744 49
745 49
746 55
747 42
748 52
749 51
750 60
751 65
752 61
753 52
754 59
755 58
756 61
757 53
758 63
759 58
760 69
761 78
762 83
763 84
764 90
765 86
766 87
767 93
768 81
769 84
770 82
771 87
772 96
773 109
774 112
775 101
776 114
777 113
778 113
779 105
780 104
781 119
782 124
783 129
784 126
785 96
786 124
787 128
788 110
789 121
790 108
791 94
792 96
793 90
794 103
795 98
796 93
797 105
798 82
799 87
800 76
801 72
802 81
803 68
804 67
805 52
806 58
807 50
808 39
809 48
810 43
811 38
812 33
813 33
814 30
815 26
816 27
817 19
818 27
819 17
820 20
821 18
822 15
823 13
824 6
825 14
826 11
827 6
828 8
829 13
830 15
831 12
832 11
833 15
834 8
835 17
836 22
837 14
838 16
839 20
840 24
841 17
842 23
843 23
844 15
845 20
846 28
847 23
848 31
849 29
850 32
851 42
852 25
853 36
854 52
855 36
856 37
857 41
858 44
859 49
860 50
861 50
862 59
863 51
864 59
865 68
866 65
867 64
868 56
869 64
870 75
871 78
872 78
873 92
874 84
875 80
876 71
877 88
878 79
879 91
880 90
881 108
882 100
883 89
884 88
885 110
886 103
887 85
888 126
889 92
890 91
891 105
892 111
893 115
894 104
895 102
896 101
897 92
898 105
899 91
900 90
901 93
902 97
903 89
904 98
905 86
906 90
907 73
908 72
909 66
910 54
911 56
912 50
913 52
914 56
915 55
916 56
917 38
918 48
919 35
920 36
921 31
922 25
923 22
924 36
925 23
926 25
927 23
928 13
929 15
930 16
931 15
932 12
933 13
934 9
935 18
936 12
937 11
938 11
939 11
940 11
941 10
942 19
943 13
944 15
945 18
946 16
947 15
948 13
949 19
950 20
951 14
952 19
953 16
954 19
955 17
956 26
957 30
958 27
959 34
960 24
961 23
962 23
963 29
964 46
965 46
966 31
967 47
968 33
969 44
970 41
971 49
972 40
973 47
974 56
975 58
976 53
977 63
978 62
979 52
980 56
981 66
982 59
983 64
984 69
985 75
986 61
987 69
988 85
989 79
990 70
991 106
992 85
993 78
994 78
995 90
996 91
997 75
998 91
999 88
1000 80
1001 82
1002 70
1003 100
1004 80
1005 93
1006 72
1007 81
1008 68
1009 91
1010 75
1011 79
1012 50
1013 92
1014 73
1015 71
1016 84
1017 66
1018 62
1019 50
1020 47
1021 45
1022 47
1023 44
1024 34
1025 41
1026 34
1027 24
1028 28
1029 30
1030 32
1031 36
1032 21
1033 29
1034 14
1035 21
1036 23
1037 8
1038 14
1039 17
1040 13
1041 12
1042 7
1043 10
1044 9
1045 16
1046 7
1047 9
1048 10
1049 7
1050 8
1051 10
1052 10
1053 10
1054 8
1055 11
1056 8
1057 20
1058 9
1059 9
1060 8
1061 21
1062 16
1063 16
1064 15
1065 20
1066 18
1067 18
1068 13
1069 22
1070 15
1071 20
1072 22
1073 27
1074 25
1075 16
1076 28
1077 34
1078 30
1079 38
1080 40
1081 37
1082 35
1083 28
1084 44
1085 46
1086 34
1087 30
1088 41
1089 41
1090 43
1091 44
1092 45
1093 53
1094 51
1095 48
1096 53
1097 53
1098 52
1099 50
1100 65
1101 53
1102 55
1103 55
1104 47
1105 73
1106 75
1107 51
1108 76
1109 56
1110 64
1111 54
1112 56
1113 67
1114 65
1115 66
1116 62
1117 58
1118 37
1119 58
1120 65
1121 62
1122 47
1123 55
1124 51
1125 54
1126 52
1127 46
1128 48
1129 29
1130 40
1131 41
1132 24
1133 26
1134 28
1135 38
1136 31
1137 31
1138 24
1139 17
1140 20
1141 14
1142 15
1143 16
1144 15
1145 13
1146 10
1147 9
1148 6
1149 12
1150 7
1151 9
1152 5
1153 10
1154 5
1155 10
1156 11
1157 3
1158 6
1159 7
1160 3
1161 3
1162 4
1163 5
1164 4
1165 4
1166 3
1167 4
1168 8
1169 4
1170 6
1171 3
1172 10
1173 8
1174 6
1175 12
1176 11
1177 8
1178 5
1179 18
1180 17
1181 7
1182 10
1183 16
1184 14
1185 33
1186 22
1187 31
1188 11
1189 9
1190 25
1191 23
1192 28
1193 22
1194 20
1195 30
1196 27
1197 26
1198 36
1199 28
1200 29
1201 22
1202 31
1203 35
1204 27
1205 39
1206 34
1207 22
1208 42
1209 28
1210 40
1211 30
1212 37
1213 43
1214 31
1215 42
1216 37
1217 41
1218 43
1219 32
1220 42
1221 34
1222 43
1223 37
1224 35
1225 36
1226 36
1227 27
1228 34
1229 31
1230 28
1231 43
1232 26
1233 23
1234 30
1235 18
1236 34
1237 25
1238 30
1239 16
1240 26
1241 26
1242 26
1243 22
1244 18
1245 17
1246 21
1247 13
1248 13
1249 11
1250 15
1251 10
1252 7
1253 7
1254 9
1255 7
1256 5
1257 11
1258 3
1259 7
1260 6
1261 5
1262 7
1263 7
1264 5
1265 3
1266 1
1267 4
1268 2
1269 4
1270 4
1271 3
1272 9
1273 4
1274 6
1275 7
1276 4
1277 7
1278 2
1279 6
1280 7
1281 1
1282 6
1283 7
1284 8
1285 8
1286 5
1287 9
1288 7
1289 6
1290 12
1291 6
1292 12
1293 7
1294 13
1295 16
1296 12
1297 6
1298 6
1299 8
1300 11
1301 15
1302 20
1303 20
1304 22
1305 22
1306 19
1307 14
1308 17
1309 16
1310 16
1311 13
1312 22
1313 21
1314 21
1315 19
1316 20
1317 19
1318 21
1319 24
1320 30
1321 17
1322 20
1323 27
1324 18
1325 21
1326 20
1327 24
1328 17
1329 26
1330 22
1331 13
1332 17
1333 23
1334 13
1335 26
1336 16
1337 20
1338 15
1339 14
1340 18
1341 14
1342 12
1343 13
1344 16
1345 13
1346 19
1347 11
1348 12
1349 14
1350 9
1351 12
1352 13
1353 15
1354 7
1355 8
1356 5
1357 5
1358 7
1359 13
1360 2
1361 4
1362 4
1363 9
1364 3
1365 4
1366 4
1367 0
1368 1
1369 5
1370 2
1371 4
1372 6
1373 2
1374 2
1375 2
1376 1
1377 3
1378 0
1379 1
1380 2
1381 0
1382 7
1383 1
1384 1
1385 4
1386 2
1387 3
1388 4
1389 0
1390 5
1391 2
1392 3
1393 1
1394 4
1395 2
1396 5
1397 4
1398 4
1399 2
1400 5
1401 7
1402 2
1403 5
1404 3
1405 5
1406 3
1407 8
1408 7
1409 6
1410 4
1411 6
1412 12
1413 7
1414 11
1415 4
1416 10
1417 13
1418 4
1419 10
1420 15
1421 14
1422 7
1423 10
1424 4
1425 10
1426 12
1427 14
1428 13
1429 10
1430 12
1431 12
1432 14
1433 10
1434 6
1435 10
1436 12
1437 18
1438 11
1439 14
1440 15
1441 13
1442 9
1443 12
1444 13
1445 15
1446 7
1447 11
1448 9
1449 9
1450 10
1451 7
1452 9
1453 9
1454 6
1455 14
1456 4
1457 10
1458 7
1459 2
1460 6
1461 10
1462 8
1463 5
1464 3
1465 7
1466 1
1467 3
1468 2
1469 5
1470 2
1471 4
1472 3
1473 3
1474 2
1475 3
1476 2
1477 5
1478 3
1479 1
1480 0
1481 1
1482 0
1483 1
1484 0
1485 1
1486 2
1487 1
1488 1
1489 1
1490 1
1491 2
1492 0
1493 0
1494 0
1495 2
1496 1
1497 1
1498 2
1499 1
1500 0
1501 2
1502 2
1503 1
1504 1
1505 0
1506 0
1507 1
1508 0
1509 2
1510 3
1511 0
1512 2
1513 1
1514 3
1515 2
1516 5
1517 1
1518 5
1519 4
1520 5
1521 7
1522 3
1523 5
1524 1
1525 8
1526 4
1527 6
1528 8
1529 1
1530 4
1531 1
1532 6
1533 4
1534 7
1535 6
1536 2
1537 4
1538 4
1539 1
1540 9
1541 3
1542 8
1543 2
1544 2
1545 7
1546 3
1547 6
1548 4
1549 0
1550 10
1551 6
1552 7
1553 5
1554 4
1555 5
1556 3
1557 4
1558 2
1559 5
1560 7
1561 1
1562 6
1563 4
1564 6
1565 2
1566 2
1567 2
1568 2
1569 2
1570 1
1571 3
1572 0
1573 1
1574 0
1575 4
1576 3
1577 0
1578 1
1579 0
1580 2
1581 1
1582 1
1583 0
1584 2
1585 0
1586 0
1587 0
1588 0
1589 1
1590 0
1591 1
1592 0
1593 0
1594 2
1595 1
1596 1
1597 1
1598 0
1599 1
1600 1
1601 0
1602 0
1603 1
1604 0
1605 0
1606 0
1607 0
1608 1
1609 0
1610 1
1611 0
1612 0
1613 2
1614 1
1615 2
1616 0
1617 0
1618 0
1619 0
1620 0
1621 3
1622 0
1623 0
1624 0
1625 1
1626 0
1627 1
1628 1
1629 1
1630 1
1631 5
1632 0
1633 0
1634 0
1635 0
1636 1
1637 1
1638 3
1639 3
1640 4
1641 4
1642 0
1643 0
1644 0
1645 2
1646 1
1647 0
1648 0
1649 2
1650 1
1651 2
1652 3
1653 2
1654 1
1655 2
1656 0
1657 1
1658 0
1659 1
1660 2
1661 2
1662 1
1663 0
1664 2
1665 2
1666 5
1667 1
1668 2
1669 3
1670 2
1671 2
1672 0
1673 1
1674 1
1675 4
1676 0
1677 1
1678 0
1679 0
1680 0
1681 2
1682 1
1683 2
1684 2
1685 2
1686 0
1687 0
1688 1
1689 0
1690 2
1691 2
1692 0
1693 0
1694 1
1695 0
1696 0
1697 0
1698 0
1699 0
1700 0
1701 0
1702 0
1703 0
1704 2
1705 0
1706 0
1707 0
1708 0
1709 0
1710 0
1711 0
1712 0
1713 0
1714 0
1715 1
1716 0
1717 0
1718 0
1719 1
1720 1
1721 0
1722 0
1723 0
1724 1
1725 0
1726 0
1727 0
1728 1
1729 0
1730 0
1731 0
1732 0
1733 0
1734 0
1735 1
1736 2
1737 0
1738 0
1739 1
1740 0
1741 0
1742 0
1743 0
1744 1
1745 0
1746 0
1747 1
1748 0
1749 1
1750 0
1751 0
1752 1
1753 1
1754 1
1755 3
1756 0
1757 0
1758 0
1759 1
1760 1
1761 1
1762 1
1763 0
1764 0
1765 1
1766 0
1767 1
1768 1
1769 1
1770 0
1771 1
1772 0
1773 1
1774 0
1775 0
1776 0
1777 1
1778 0
1779 0
1780 1
1781 1
1782 3
1783 0
1784 1
1785 0
1786 0
1787 2
1788 1
1789 0
1790 0
1791 0
1792 0
1793 0
1794 0
1795 1
1796 1
1797 0
1798 0
1799 0
1800 0
1801 0
1802 0
1803 0
1804 0
1805 0
1806 0
1807 0
1808 0
1809 0
1810 0
1811 0
1812 0
1813 0
1814 0
1815 0
1816 0
1817 0
1818 0
1819 0
1820 0
1821 0
1822 0
1823 0
1824 0
1825 0
1826 0
1827 0
1828 0
1829 0
1830 0
1831 0
1832 0
1833 0
1834 0
1835 0
1836 0
1837 0
1838 0
1839 0
1840 0
1841 0
1842 0
1843 0
1844 0
1845 0
1846 1
1847 0
1848 0
1849 0
1850 0
1851 0
1852 0
1853 0
1854 0
1855 0
1856 0
1857 0
1858 0
1859 0
1860 0
1861 0
1862 0
1863 0
1864 0
1865 0
1866 0
1867 0
1868 0
1869 0
1870 0
1871 0
1872 1
1873 0
1874 1
1875 0
1876 0
1877 0
1878 0
1879 0
1880 0
1881 0
1882 0
1883 1
1884 0
1885 0
1886 0
1887 2
1888 0
1889 1
1890 0
1891 0
1892 0
1893 1
1894 0
1895 0
1896 0
1897 0
1898 0
1899 0
1900 0
1901 0
1902 0
1903 0
1904 0
1905 0
1906 0
1907 0
1908 0
1909 0
1910 0
1911 0
1912 0
1913 0
1914 0
1915 0
1916 0
1917 0
1918 0
1919 0
1920 0
1921 0
1922 0
1923 0
1924 0
1925 0
1926 0
1927 1
1928 0
1929 0
1930 0
1931 0
1932 0
1933 0
1934 0
1935 0
1936 0
1937 0
1938 0
1939 0
1940 0
1941 0
1942 0
1943 1
1944 0
1945 0
1946 0
1947 1
1948 0
1949 0
1950 0
1951 0
1952 1
1953 0
1954 0
1955 0
1956 0
1957 0
1958 0
1959 0
1960 0
1961 0
1962 0
1963 0
1964 0
1965 0
1966 0
1967 0
1968 1
1969 0
1970 0
1971 0
1972 0
1973 0
1974 0
1975 0
1976 0
1977 0
1978 0
1979 0
1980 0
1981 0
1982 0
1983 0
1984 0
1985 0
1986 0
1987 0
1988 0
1989 0
1990 1
1991 0
1992 0
1993 0
1994 0
1995 0
1996 0
1997 1
1998 0
1999 0
2000 0
2001 0
2002 0
2003 0
2004 0
2005 0
2006 0
2007 0
2008 0
2009 0
2010 0
2011 1
2012 0
2013 0
2014 0
2015 0
2016 0
2017 0
2018 1
2019 0
2020 0
2021 0
2022 0
2023 0
2024 0
2025 0
2026 0
2027 0
2028 0
2029 0
2030 0
2031 0
2032 0
2033 0
2034 0
2035 0
2036 0
2037 0
2038 0
2039 0
2040 0
2041 0
2042 0
2043 0
2044 0
2045 0
2046 0
2047 0
2048 0
2049 0
2050 0
2051 0
2052 0
2053 0
2054 0
2055 0
2056 0
2057 0
2058 0
2059 0
2060 0
2061 0
2062 0
2063 0
2064 0
2065 0
2066 0
2067 0
2068 0
2069 0
2070 0
2071 0
2072 0
2073 0
2074 0
2075 0
2076 0
2077 0
2078 0
2079 0
2080 0
2081 0
2082 0
2083 0
2084 0
2085 0
2086 0
2087 0
2088 0
2089 0
2090 0
2091 0
2092 0
2093 0
2094 0
2095 0
2096 0
2097 0
2098 0
2099 0
2100 1
2101 0
2102 0
2103 0
2104 0
2105 0
2106 0
2107 0
2108 0
2109 0
2110 0
2111 0
2112 0
2113 0
2114 0
2115 0
2116 0
2117 0
2118 0
2119 0
2120 0
2121 0
2122 0
2123 0
2124 0
2125 0
2126 0
2127 0
2128 0
2129 0
2130 0
2131 0
2132 0
2133 0
2134 0
2135 0
2136 0
2137 0
2138 0
2139 0
2140 0
2141 0
2142 0
2143 0
2144 0
2145 0
2146 0
2147 0
2148 0
2149 0
2150 0
2151 0
2152 0
2153 0
2154 0
2155 0
2156 0
2157 0
2158 0
2159 0
2160 0
2161 0
2162 0
2163 0
2164 0
2165 0
2166 0
2167 0
2168 0
2169 0
2170 0
2171 0
2172 0
2173 0
2174 0
2175 0
2176 0
2177 0
2178 0
2179 0
2180 0
2181 0
2182 0
2183 0
2184 0
2185 0
2186 0
2187 0
2188 0
2189 0
2190 0
2191 0
2192 0
2193 0
2194 0
2195 0
2196 0
2197 0
2198 0
2199 0
2200 0
2201 0
2202 0
2203 0
2204 0
2205 0
2206 0
2207 0
2208 0
2209 0
2210 0
2211 0
2212 0
2213 0
2214 0
2215 0
2216 0
2217 0
2218 0
2219 0
2220 0
2221 0
2222 0
2223 0
2224 0
2225 0
2226 0
2227 0
2228 0
2229 0
2230 0
2231 0
2232 0
2233 0
2234 0
2235 0
2236 0
2237 0
2238 0
2239 0
2240 0
2241 0
2242 0
2243 0
2244 0
2245 0
2246 0
2247 0
2248 0
2249 0
2250 0
2251 0
2252 0
2253 0
2254 0
2255 0
2256 0
2257 0
2258 0
2259 0
2260 0
2261 0
2262 0
2263 0
2264 0
2265 0
2266 0
2267 0
2268 0
2269 0
2270 0
2271 0
2272 0
2273 0
2274 0
2275 0
2276 0
2277 0
2278 0
2279 0
2280 0
2281 0
2282 0
2283 0
2284 0
2285 0
2286 0
2287 0
2288 0
2289 0
2290 0
2291 0
2292 0
2293 0
2294 0
2295 0
2296 0
2297 0
2298 0
2299 0
2300 0
2301 0
2302 0
2303 0
2304 0
2305 0
2306 0
2307 0
2308 0
2309 0
2310 0
2311 0
2312 0
2313 0
2314 0
2315 0
2316 0
2317 0
2318 0
2319 0
2320 0
2321 0
2322 0
2323 0
2324 0
2325 0
2326 0
2327 0
2328 0
2329 0
2330 0
2331 0
2332 0
2333 0
2334 0
2335 0
2336 0
2337 0
2338 0
2339 0
2340 0
2341 0
2342 0
2343 0
2344 0
2345 0
2346 0
2347 0
2348 0
2349 0
2350 0
2351 0
2352 0
2353 0
2354 0
2355 0
2356 0
2357 0
2358 0
2359 0
2360 0
2361 0
2362 0
2363 0
2364 0
2365 0
2366 0
2367 0
2368 0
2369 0
2370 0
2371 0
2372 0
2373 0
2374 0
2375 0
2376 0
2377 0
2378 0
2379 0
2380 0
2381 0
2382 0
2383 0
2384 0
2385 0
2386 0
2387 0
2388 0
2389 0
2390 0
2391 0
2392 0
2393 0
2394 0
2395 0
2396 0
2397 0
2398 0
2399 0
2400 0
2401 0
2402 0
2403 0
2404 0
2405 0
2406 0
2407 0
2408 0
2409 0
2410 0
2411 0
2412 0
2413 0
2414 0
2415 0
2416 0
2417 0
2418 0
2419 0
2420 0
2421 0
2422 0
2423 0
2424 0
2425 0
2426 0
2427 0
2428 0
2429 0
2430 0
2431 0
2432 0
2433 0
2434 0
2435 0
2436 0
2437 0
2438 0
2439 0
2440 0
2441 0
2442 0
2443 0
2444 0
2445 0
2446 0
2447 0
2448 0
2449 0
2450 0
2451 0
2452 0
2453 0
2454 0
2455 0
2456 0
2457 0
2458 0
2459 0
2460 0
2461 0
2462 0
2463 0
2464 0
2465 0
2466 0
2467 0
2468 0
2469 0
2470 0
2471 0
2472 0
2473 0
2474 0
2475 0
2476 0
2477 0
2478 0
2479 0
2480 0
2481 0
2482 0
2483 0
2484 0
2485 0
2486 0
2487 0
2488 0
2489 0
2490 0
2491 0
2492 0
2493 0
2494 0
2495 0
2496 0
2497 0
2498 0
2499 0
2500 0
2501 0
2502 0
2503 0
2504 0
2505 0
2506 0
2507 0
2508 0
2509 0
2510 0
2511 0
2512 0
2513 0
2514 0
2515 0
2516 0
2517 0
2518 0
2519 0
2520 0
2521 0
2522 0
2523 0
2524 0
2525 0
2526 0
2527 0
2528 0
2529 0
2530 0
2531 0
2532 0
2533 0
2534 0
2535 0
2536 0
2537 0
2538 0
2539 0
2540 0
2541 0
2542 0
2543 0
2544 0
2545 0
2546 0
2547 0
2548 0
2549 0
2550 0
2551 0
2552 0
2553 0
2554 0
2555 0
2556 0
2557 0
2558 0
2559 0
2560 0
2561 0
2562 0
2563 0
2564 0
2565 0
2566 0
2567 0
2568 0
2569 0
2570 0
2571 0
2572 0
2573 0
2574 0
2575 0
2576 0
2577 0
2578 0
2579 0
2580 0
2581 0
2582 0
2583 0
2584 0
2585 0
2586 0
2587 0
2588 0
2589 0
2590 0
2591 0
2592 0
2593 0
2594 0
2595 0
2596 0
2597 0
2598 0
2599 0
2600 0
2601 0
2602 0
2603 0
2604 0
2605 0
2606 0
2607 0
2608 0
2609 0
2610 0
2611 0
2612 0
2613 0
2614 0
2615 0
2616 0
2617 0
2618 0
2619 0
2620 0
2621 0
2622 0
2623 0
2624 0
2625 0
2626 0
2627 0
2628 0
2629 0
2630 0
2631 0
2632 0
2633 0
2634 0
2635 0
2636 0
2637 0
2638 0
2639 0
2640 0
2641 0
2642 0
2643 0
2644 0
2645 0
2646 0
2647 0
2648 0
2649 0
2650 0
2651 0
2652 0
2653 0
2654 0
2655 0
2656 0
2657 0
2658 0
2659 0
2660 0
2661 0
2662 0
2663 0
2664 0
2665 0
2666 0
2667 0
2668 0
2669 0
2670 0
2671 0
2672 0
2673 0
2674 0
2675 0
2676 0
2677 0
2678 0
2679 0
2680 0
2681 0
2682 0
2683 0
2684 0
2685 0
2686 0
2687 0
2688 0
2689 0
2690 0
2691 0
2692 0
2693 0
2694 0
2695 0
2696 0
2697 0
2698 0
2699 0
2700 0
2701 0
2702 0
2703 0
2704 0
2705 0
2706 0
2707 0
2708 0
2709 0
2710 0
2711 0
2712 0
2713 0
2714 0
2715 0
2716 0
2717 0
2718 0
2719 0
2720 0
2721 0
2722 0
2723 0
2724 0
2725 0
2726 0
2727 0
2728 0
2729 0
2730 0
2731 0
2732 0
2733 0
2734 0
2735 0
2736 0
2737 0
2738 0
2739 0
2740 0
2741 0
2742 0
2743 0
2744 0
2745 0
2746 0
2747 0
2748 0
2749 0
2750 0
2751 0
2752 0
2753 0
2754 0
2755 0
2756 0
2757 0
2758 0
2759 0
2760 0
2761 0
2762 0
2763 0
2764 0
2765 0
2766 0
2767 0
2768 0
2769 0
2770 0
2771 0
2772 0
2773 0
2774 0
2775 0
2776 0
2777 0
2778 0
2779 0
2780 0
2781 0
2782 0
2783 0
2784 0
2785 0
2786 0
2787 0
2788 0
2789 0
2790 0
2791 0
2792 0
2793 0
2794 0
2795 0
2796 0
2797 0
2798 0
2799 0
2800 0
2801 0
2802 0
2803 0
2804 0
2805 0
2806 0
2807 0
2808 0
2809 0
2810 0
2811 0
2812 0
2813 0
2814 0
2815 0
2816 0
2817 0
2818 0
2819 0
2820 0
2821 0
2822 0
2823 0
2824 0
2825 0
2826 0
2827 0
2828 0
2829 0
2830 0
2831 0
2832 0
2833 0
2834 0
2835 0
2836 0
2837 0
2838 0
2839 0
2840 0
2841 0
2842 0
2843 0
2844 0
2845 0
2846 0
2847 0
2848 0
2849 0
2850 0
2851 0
2852 0
2853 0
2854 0
2855 0
2856 0
2857 0
2858 0
2859 0
2860 0
2861 0
2862 0
2863 0
2864 0
2865 0
2866 0
2867 0
2868 0
2869 0
2870 0
2871 0
2872 0
2873 0
2874 0
2875 0
2876 0
2877 0
2878 0
2879 0
2880 0
2881 0
2882 0
2883 0
2884 0
2885 0
2886 0
2887 0
2888 0
2889 0
2890 0
2891 0
2892 0
2893 0
2894 0
2895 0
2896 0
2897 0
2898 0
2899 0
2900 0
2901 0
2902 0
2903 0
2904 0
2905 0
2906 0
2907 0
2908 0
2909 0
2910 0
2911 0
2912 0
2913 0
2914 0
2915 0
2916 0
2917 0
2918 0
2919 0
2920 0
2921 0
2922 0
2923 0
2924 0
2925 0
2926 0
2927 0
2928 0
2929 0
2930 0
2931 0
2932 0
2933 0
2934 0
2935 0
2936 0
2937 0
2938 0
2939 0
2940 0
2941 0
2942 0
2943 0
2944 0
2945 0
2946 0
2947 0
2948 0
2949 0
2950 0
2951 0
2952 0
2953 0
2954 0
2955 0
2956 0
2957 0
2958 0
2959 0
2960 0
2961 0
2962 0
2963 0
2964 0
2965 0
2966 0
2967 0
2968 0
2969 0
2970 0
2971 0
2972 0
2973 0
2974 0
2975 0
2976 0
2977 0
2978 0
2979 0
2980 0
2981 0
2982 0
2983 0
2984 0
2985 0
2986 0
2987 0
2988 0
2989 0
2990 0
2991 0
2992 0
2993 0
2994 0
2995 0
2996 0
2997 0
2998 0
2999 0
3000 0
3001 0
3002 0
3003 0
3004 0
3005 0
3006 0
3007 0
3008 0
3009 0
3010 0
3011 0
3012 0
3013 0
3014 0
3015 0
3016 0
3017 0
3018 0
3019 0
3020 0
3021 0
3022 0
3023 0
3024 0
3025 0
3026 0
3027 0
3028 0
3029 0
3030 0
3031 0
3032 0
3033 0
3034 0
3035 0
3036 0
3037 0
3038 0
3039 0
3040 0
3041 0
3042 0
3043 0
3044 0
3045 0
3046 0
3047 0
3048 0
3049 0
3050 0
3051 0
3052 0
3053 0
3054 0
3055 0
3056 0
3057 0
3058 0
3059 0
3060 0
3061 0
3062 0
3063 0
3064 0
3065 0
3066 0
3067 0
3068 0
3069 0
3070 0
3071 0
3072 0
3073 0
3074 0
3075 0
3076 0
3077 0
3078 0
3079 0
3080 0
3081 0
3082 0
3083 0
3084 0
3085 0
3086 0
3087 0
3088 0
3089 0
3090 0
3091 0
3092 0
3093 0
3094 0
3095 0
3096 0
3097 0
3098 0
3099 0
3100 0
3101 0
3102 0
3103 0
3104 0
3105 0
3106 0
3107 0
3108 0
3109 0
3110 0
3111 0
3112 0
3113 0
3114 0
3115 0
3116 0
3117 0
3118 0
3119 0
3120 0
3121 0
3122 0
3123 0
3124 0
3125 0
3126 0
3127 0
3128 0
3129 0
3130 0
3131 0
3132 0
3133 0
3134 0
3135 0
3136 0
3137 0
3138 0
3139 0
3140 0
3141 0
3142 0
3143 0
3144 0
3145 0
3146 0
3147 0
3148 0
3149 0
3150 0
3151 0
3152 0
3153 0
3154 0
3155 0
3156 0
3157 0
3158 0
3159 0
3160 0
3161 0
3162 0
3163 0
3164 0
3165 0
3166 0
3167 0
3168 0
3169 0
3170 0
3171 0
3172 0
3173 0
3174 0
3175 0
3176 0
3177 0
3178 0
3179 0
3180 0
3181 0
3182 0
3183 0
3184 0
3185 0
3186 0
3187 0
3188 0
3189 0
3190 0
3191 0
3192 0
3193 0
3194 0
3195 0
3196 0
3197 0
3198 0
3199 0
3200 0
3201 0
3202 0
3203 0
3204 0
3205 0
3206 0
3207 0
3208 0
3209 0
3210 0
3211 0
3212 0
3213 0
3214 0
3215 0
3216 0
3217 0
3218 0
3219 0
3220 0
3221 0
3222 0
3223 0
3224 0
3225 0
3226 0
3227 0
3228 0
3229 0
3230 0
3231 0
3232 0
3233 0
3234 0
3235 0
3236 0
3237 0
3238 0
3239 0
3240 0
3241 0
3242 0
3243 0
3244 0
3245 0
3246 0
3247 0
3248 0
3249 0
3250 0
3251 0
3252 0
3253 0
3254 0
3255 0
3256 0
3257 0
3258 0
3259 0
3260 0
3261 0
3262 0
3263 0
3264 0
3265 0
3266 0
3267 0
3268 0
3269 0
3270 0
3271 0
3272 0
3273 0
3274 0
3275 0
3276 0
3277 0
3278 0
3279 0
3280 0
3281 0
3282 0
3283 0
3284 0
3285 0
3286 0
3287 0
3288 0
3289 0
3290 0
3291 0
3292 0
3293 0
3294 0
3295 0
3296 0
3297 0
3298 0
3299 0
3300 0
3301 0
3302 0
3303 0
3304 0
3305 0
3306 0
3307 0
3308 0
3309 0
3310 0
3311 0
3312 0
3313 0
3314 0
3315 0
3316 0
3317 0
3318 0
3319 0
3320 0
3321 0
3322 0
3323 0
3324 0
3325 0
3326 0
3327 0
3328 0
3329 0
3330 0
3331 0
3332 0
3333 0
3334 0
3335 0
3336 0
3337 0
3338 0
3339 0
3340 0
3341 0
3342 0
3343 0
3344 0
3345 0
3346 0
3347 0
3348 0
3349 0
3350 0
3351 0
3352 0
3353 0
3354 0
3355 0
3356 0
3357 0
3358 0
3359 0
3360 0
3361 0
3362 0
3363 0
3364 0
3365 0
3366 0
3367 0
3368 0
3369 0
3370 0
3371 0
3372 0
3373 0
3374 0
3375 0
3376 0
3377 0
3378 0
3379 0
3380 0
3381 0
3382 0
3383 0
3384 0
3385 0
3386 0
3387 0
3388 0
3389 0
3390 0
3391 0
3392 0
3393 0
3394 0
3395 0
3396 0
3397 0
3398 0
3399 0
3400 0
3401 0
3402 0
3403 0
3404 0
3405 0
3406 0
3407 0
3408 0
3409 0
3410 0
3411 0
3412 0
3413 0
3414 0
3415 0
3416 0
3417 0
3418 0
3419 0
3420 0
3421 0
3422 0
3423 0
3424 0
3425 0
3426 0
3427 0
3428 0
3429 0
3430 0
3431 0
3432 0
3433 0
3434 0
3435 0
3436 0
3437 0
3438 0
3439 0
3440 0
3441 0
3442 0
3443 0
3444 0
3445 0
3446 0
3447 0
3448 0
3449 0
3450 0
3451 0
3452 0
3453 0
3454 0
3455 0
3456 0
3457 0
3458 0
3459 0
3460 0
3461 0
3462 0
3463 0
3464 0
3465 0
3466 0
3467 0
3468 0
3469 0
3470 0
3471 0
3472 0
3473 0
3474 0
3475 0
3476 0
3477 0
3478 0
3479 0
3480 0
3481 0
3482 0
3483 0
3484 0
3485 0
3486 0
3487 0
3488 0
3489 0
3490 0
3491 0
3492 0
3493 0
3494 0
3495 0
3496 0
3497 0
3498 0
3499 0
3500 0
3501 0
3502 0
3503 0
3504 0
3505 0
3506 0
3507 0
3508 0
3509 0
3510 0
3511 0
3512 0
3513 0
3514 0
3515 0
3516 0
3517 0
3518 0
3519 0
3520 0
3521 0
3522 0
3523 0
3524 0
3525 0
3526 0
3527 0
3528 0
3529 0
3530 0
3531 0
3532 0
3533 0
3534 0
3535 0
3536 0
3537 0
3538 0
3539 0
3540 0
3541 0
3542 0
3543 0
3544 0
3545 0
3546 0
3547 0
3548 0
3549 0
3550 0
3551 0
3552 0
3553 0
3554 0
3555 0
3556 0
3557 0
3558 0
3559 0
3560 0
3561 0
3562 0
3563 0
3564 0
3565 0
3566 0
3567 0
3568 0
3569 0
3570 0
3571 0
3572 0
3573 0
3574 0
3575 0
3576 0
3577 0
3578 0
3579 0
3580 0
3581 0
3582 0
3583 0
3584 0
3585 0
3586 0
3587 0
3588 0
3589 0
3590 0
3591 0
3592 0
3593 0
3594 0
3595 0
3596 0
3597 0
3598 0
3599 0
3600 0
3601 0
3602 0
3603 0
3604 0
3605 0
3606 0
3607 0
3608 0
3609 0
3610 0
3611 0
3612 0
3613 0
3614 0
3615 0
3616 0
3617 0
3618 0
3619 0
3620 0
3621 0
3622 0
3623 0
3624 0
3625 0
3626 0
3627 0
3628 0
3629 0
3630 0
3631 0
3632 0
3633 0
3634 0
3635 0
3636 0
3637 0
3638 0
3639 0
3640 0
3641 0
3642 0
3643 0
3644 0
3645 0
3646 0
3647 0
3648 0
3649 0
3650 0
3651 0
3652 0
3653 0
3654 0
3655 0
3656 0
3657 0
3658 0
3659 0
3660 0
3661 0
3662 0
3663 0
3664 0
3665 0
3666 0
3667 0
3668 0
3669 0
3670 0
3671 0
3672 0
3673 0
3674 0
3675 0
3676 0
3677 0
3678 0
3679 0
3680 0
3681 0
3682 0
3683 0
3684 0
3685 0
3686 0
3687 0
3688 0
3689 0
3690 0
3691 0
3692 0
3693 0
3694 0
3695 0
3696 0
3697 0
3698 0
3699 0
3700 0
3701 0
3702 0
3703 0
3704 0
3705 0
3706 0
3707 0
3708 0
3709 0
3710 0
3711 0
3712 0
3713 0
3714 0
3715 0
3716 0
3717 0
3718 0
3719 0
3720 0
3721 0
3722 0
3723 0
3724 0
3725 0
3726 0
3727 0
3728 0
3729 0
3730 0
3731 0
3732 0
3733 0
3734 0
3735 0
3736 0
3737 0
3738 0
3739 0
3740 0
3741 0
3742 0
3743 0
3744 0
3745 0
3746 0
3747 0
3748 0
3749 0
3750 0
3751 0
3752 0
3753 0
3754 0
3755 0
3756 0
3757 0
3758 0
3759 0
3760 0
3761 0
3762 0
3763 0
3764 0
3765 0
3766 0
3767 0
3768 0
3769 0
3770 0
3771 0
3772 0
3773 0
3774 0
3775 0
3776 0
3777 0
3778 0
3779 0
3780 0
3781 0
3782 0
3783 0
3784 0
3785 0
3786 0
3787 0
3788 0
3789 0
3790 0
3791 0
3792 0
3793 0
3794 0
3795 0
3796 0
3797 0
3798 0
3799 0
3800 0
3801 0
3802 0
3803 0
3804 0
3805 0
3806 0
3807 0
3808 0
3809 0
3810 0
3811 0
3812 0
3813 0
3814 0
3815 0
3816 0
3817 0
3818 0
3819 0
3820 0
3821 0
3822 0
3823 0
3824 0
3825 0
3826 0
3827 0
3828 0
3829 0
3830 0
3831 0
3832 0
3833 0
3834 0
3835 0
3836 0
3837 0
3838 0
3839 0
3840 0
3841 0
3842 0
3843 0
3844 0
3845 0
3846 0
3847 0
3848 0
3849 0
3850 0
3851 0
3852 0
3853 0
3854 0
3855 0
3856 0
3857 0
3858 0
3859 0
3860 0
3861 0
3862 0
3863 0
3864 0
3865 0
3866 0
3867 0
3868 0
3869 0
3870 0
3871 0
3872 0
3873 0
3874 0
3875 0
3876 0
3877 0
3878 0
3879 0
3880 0
3881 0
3882 0
3883 0
3884 0
3885 0
3886 0
3887 0
3888 0
3889 0
3890 0
3891 0
3892 0
3893 0
3894 0
3895 0
3896 0
3897 0
3898 0
3899 0
3900 0
3901 0
3902 0
3903 0
3904 0
3905 0
3906 0
3907 0
3908 0
3909 0
3910 0
3911 0
3912 0
3913 0
3914 0
3915 0
3916 0
3917 0
3918 0
3919 0
3920 0
3921 0
3922 0
3923 0
3924 0
3925 0
3926 0
3927 0
3928 0
3929 0
3930 0
3931 0
3932 0
3933 0
3934 0
3935 0
3936 0
3937 0
3938 0
3939 0
3940 0
3941 0
3942 0
3943 0
3944 0
3945 0
3946 0
3947 0
3948 0
3949 0
3950 0
3951 0
3952 0
3953 0
3954 0
3955 0
3956 0
3957 0
3958 0
3959 0
3960 0
3961 0
3962 0
3963 0
3964 0
3965 0
3966 0
3967 0
3968 0
3969 0
3970 0
3971 0
3972 0
3973 0
3974 0
3975 0
3976 0
3977 0
3978 0
3979 0
3980 0
3981 0
3982 0
3983 0
3984 0
3985 0
3986 0
3987 0
3988 0
3989 0
3990 0
3991 0
3992 0
3993 0
3994 0
3995 0
3996 0
3997 0
3998 0
3999 0
4000 0
