0 83
1 85
2 74
3 102
4 85
5 96
6 77
7 87
8 70
9 101
10 84
11 85
12 61
13 102
14 83
15 86
16 101
17 87
18 82
19 71
20 69
21 70
22 67
23 64
24 54
25 73
26 65
27 65
28 64
29 69
30 75
31 77
32 76
33 68
34 63
35 67
36 76
37 57
38 55
39 66
40 64
41 64
42 59
43 57
44 47
45 69
46 62
47 74
48 66
49 66
50 79
51 71
52 78
53 76
54 75
55 78
56 78
57 98
58 74
59 84
60 92
61 109
62 103
63 96
64 117
65 94
66 106
67 101
68 94
69 117
70 86
71 102
72 108
73 116
74 107
75 103
76 111
77 120
78 110
79 106
80 112
81 109
82 94
83 84
84 118
85 102
86 86
87 90
88 97
89 96
90 89
91 88
92 71
93 94
94 82
95 69
96 77
97 74
98 65
99 65
100 83
101 73
102 66
103 73
104 56
105 84
106 85
107 59
108 82
109 66
110 75
111 60
112 61
113 76
114 80
115 76
116 72
117 70
118 49
119 68
120 81
121 82
122 59
123 73
124 68
125 81
126 75
127 72
128 73
129 60
130 73
131 78
132 49
133 65
134 71
135 90
136 67
137 75
138 76
139 68
140 72
141 78
142 77
143 50
144 75
145 81
146 74
147 83
148 70
149 106
150 71
151 88
152 64
153 76
154 71
155 89
156 76
157 78
158 81
159 99
160 92
161 79
162 87
163 85
164 110
165 105
166 98
167 97
168 97
169 120
170 99
171 95
172 113
173 122
174 119
175 120
176 115
177 107
178 92
179 131
180 121
181 118
182 109
183 127
184 121
185 118
186 109
187 132
188 93
189 121
190 104
191 113
192 97
193 88
194 80
195 96
196 88
197 71
198 78
199 80
200 79
201 74
202 65
203 71
204 57
205 68
206 60
207 49
208 65
209 51
210 65
211 55
212 49
213 54
214 47
215 60
216 58
217 62
218 61
219 43
220 54
221 43
222 56
223 49
224 56
225 62
226 59
227 38
228 50
229 55
230 57
231 71
232 55
233 54
234 67
235 48
236 61
237 56
238 74
239 53
240 59
241 61
242 75
243 72
244 73
245 78
246 83
247 66
248 72
249 71
250 89
251 86
252 80
253 68
254 79
255 72
256 72
257 75
258 76
259 74
260 79
261 92
262 99
263 98
264 105
265 94
266 90
267 104
268 87
269 92
270 89
271 92
272 109
273 119
274 118
275 110
276 120
277 125
278 119
279 115
280 112
281 122
282 135
283 137
284 136
285 105
286 129
287 139
288 118
289 128
290 120
291 101
292 109
293 97
294 118
295 117
296 106
297 114
298 90
299 97
300 90
301 89
302 103
303 91
304 92
305 81
306 85
307 68
308 60
309 67
310 70
311 58
312 64
313 64
314 62
315 61
316 59
317 45
318 60
319 56
320 61
321 48
322 55
323 53
324 45
325 45
326 53
327 51
328 35
329 58
330 56
331 43
332 41
333 55
334 40
335 60
336 65
337 51
338 54
339 50
340 62
341 47
342 57
343 53
344 63
345 53
346 73
347 60
348 71
349 66
350 65
351 76
352 69
353 69
354 87
355 63
356 69
357 70
358 72
359 89
360 69
361 78
362 93
363 80
364 78
365 87
366 92
367 74
368 81
369 84
370 85
371 93
372 96
373 109
374 98
375 89
376 81
377 96
378 84
379 96
380 97
381 111
382 108
383 95
384 91
385 116
386 106
387 90
388 132
389 95
390 100
391 108
392 114
393 118
394 109
395 105
396 107
397 99
398 112
399 95
400 98
401 105
402 102
403 102
404 108
405 96
406 105
407 86
408 95
409 81
410 73
411 76
412 82
413 69
414 92
415 79
416 90
417 70
418 78
419 59
420 83
421 67
422 64
423 50
424 74
425 58
426 74
427 69
428 60
429 53
430 65
431 54
432 65
433 59
434 53
435 58
436 56
437 59
438 55
439 60
440 62
441 62
442 73
443 57
444 77
445 67
446 75
447 73
448 81
449 68
450 80
451 66
452 85
453 63
454 89
455 70
456 91
457 94
458 100
459 94
460 83
461 90
462 84
463 92
464 108
465 93
466 95
467 106
468 82
469 103
470 87
471 93
472 98
473 92
474 103
475 95
476 105
477 98
478 105
479 83
480 91
481 91
482 82
483 84
484 94
485 93
486 83
487 81
488 99
489 98
490 83
491 119
492 93
493 86
494 84
495 98
496 93
497 79
498 94
499 93
