0 75
1 88
2 71
3 98
4 81
5 84
6 61
7 103
8 79
9 85
10 97
11 78
12 82
13 65
14 72
15 60
16 72
17 65
18 58
19 66
20 50
21 47
22 53
23 63
24 71
25 71
26 65
27 70
28 58
29 74
30 59
31 59
32 57
33 76
34 60
35 51
36 62
37 55
38 64
39 64
40 52
41 55
42 62
43 66
44 72
45 66
46 74
47 74
48 67
49 74
50 74
51 90
52 72
53 82
54 86
55 90
56 88
57 95
58 104
59 103
60 96
61 115
62 88
63 108
64 97
65 99
66 119
67 100
68 104
69 103
70 116
71 118
72 114
73 119
74 126
75 118
76 103
77 98
78 115
79 104
80 91
81 102
82 98
83 93
84 103
85 102
86 100
87 100
88 96
89 74
90 95
91 83
92 72
93 73
94 85
95 65
96 68
97 71
98 67
99 85
100 92
101 61
102 87
103 66
104 74
105 60
106 68
107 77
108 71
109 71
110 69
111 72
112 48
113 68
114 78
115 74
116 58
117 70
118 69
119 67
120 72
121 65
122 80
123 52
124 65
125 65
126 53
127 58
128 60
129 66
130 73
131 78
132 80
133 52
134 63
135 63
136 65
137 65
138 75
139 75
140 46
141 70
142 74
143 78
144 83
145 74
146 99
147 73
148 83
149 66
150 76
151 70
152 86
153 74
154 78
155 80
156 97
157 97
158 79
159 88
160 86
161 110
162 109
163 94
164 98
165 91
166 125
167 99
168 96
169 116
170 124
171 120
172 111
173 123
174 118
175 96
176 124
177 117
178 119
179 134
180 131
181 138
182 94
183 95
184 129
185 103
186 140
187 99
188 108
189 101
190 92
191 89
192 99
193 89
194 74
195 66
196 83
197 85
198 78
199 74
200 68
201 55
202 66
203 52
204 63
205 59
206 61
207 69
208 49
209 56
210 48
211 63
212 57
213 52
214 59
215 54
216 53
217 51
218 45
219 53
220 50
221 46
222 60
223 49
224 39
225 59
226 55
227 52
228 54
229 43
230 65
231 63
232 63
233 45
234 56
235 67
236 56
237 59
238 54
239 64
240 64
241 69
242 73
243 77
244 63
245 75
246 68
247 77
248 81
249 76
250 72
251 82
252 73
253 77
254 69
255 72
256 72
257 87
258 94
259 95
260 89
261 102
262 97
263 98
264 108
265 88
266 95
267 92
268 97
269 106
270 116
271 121
272 108
273 128
274 120
275 117
276 113
277 115
278 133
279 137
280 134
281 136
282 105
283 131
284 141
285 117
286 134
287 116
288 107
289 113
290 102
291 110
292 105
293 101
294 118
295 99
296 107
297 99
298 96
299 105
300 90
301 83
302 71
303 77
304 69
305 59
306 78
307 68
308 63
309 55
310 64
311 56
312 56
313 61
314 60
315 60
316 49
317 54
318 48
319 51
320 44
321 43
322 51
323 50
324 49
325 31
326 52
327 59
328 35
329 56
330 50
331 46
332 45
333 53
334 51
335 47
336 59
337 55
338 56
339 52
340 62
341 42
342 54
343 59
344 64
345 63
346 67
347 73
348 77
349 56
350 65
351 79
352 74
353 68
354 71
355 67
356 80
357 83
358 74
359 90
360 72
361 83
362 99
363 91
364 82
365 76
366 93
367 87
368 104
369 95
370 101
371 98
372 91
373 87
374 102
375 86
376 107
377 96
378 116
379 108
380 97
381 94
382 115
383 107
384 93
385 130
386 96
387 92
388 111
389 115
390 124
391 109
392 106
393 104
394 98
395 113
396 94
397 98
398 99
399 104
400 95
401 111
402 96
403 104
404 84
405 83
406 90
407 66
408 83
409 63
410 77
411 83
412 79
413 76
414 78
415 82
416 66
417 65
418 62
419 49
420 66
421 72
422 68
423 53
424 69
425 50
426 66
427 57
428 55
429 50
430 62
431 54
432 68
433 62
434 65
435 54
436 52
437 53
438 57
439 69
440 56
441 65
442 72
443 57
444 74
445 54
446 80
447 75
448 79
449 73
450 70
451 74
452 80
453 66
454 100
455 76
456 103
457 83
458 92
459 89
460 83
461 106
462 101
463 94
464 108
465 77
466 110
467 100
468 97
469 97
470 93
471 101
472 116
473 96
474 108
475 97
476 102
477 87
478 106
479 90
480 101
481 95
482 99
483 81
484 95
485 104
486 99
487 81
488 120
489 105
490 90
491 90
492 100
493 100
494 81
495 99
496 91
497 83
498 84
499 74
500 103
501 82
502 96
